NAME : lhk.673217.tour
COMMENT : Length = 673217
COMMENT : Found by LKH [Keld Helsgaun] Sun May 24 22:50:19 2026
TYPE : TOUR
DIMENSION : 160
TOUR_SECTION
1
2
3
7
5
147
38
37
94
36
6
4
31
33
34
8
11
12
10
9
18
27
19
14
15
17
13
16
21
22
23
20
26
104
25
110
109
24
105
108
107
138
28
29
30
32
106
102
99
98
97
100
136
101
93
103
139
92
143
134
145
142
122
144
121
140
141
111
112
115
113
120
119
118
114
117
116
133
123
125
129
124
126
128
127
130
131
66
68
69
132
67
70
63
65
64
62
60
61
137
74
75
135
76
57
73
72
59
55
71
56
58
53
54
48
51
83
50
47
49
52
45
46
84
44
43
42
85
86
41
40
153
148
152
82
81
80
77
79
78
91
146
96
35
95
90
89
88
39
87
149
155
156
151
154
150
157
158
159
160
-1
EOF
