NAME : lhk.599339.tour
COMMENT : Length = 599339
COMMENT : Found by LKH [Keld Helsgaun] Fri Jun 12 17:47:13 2026
TYPE : TOUR
DIMENSION : 152
TOUR_SECTION
1
12
2
4
14
6
3
5
7
93
91
13
95
92
96
94
90
88
17
89
78
84
86
80
81
82
83
79
77
76
75
126
127
125
128
122
44
45
46
27
29
41
47
42
20
74
72
43
101
102
70
73
97
98
8
69
67
68
66
61
64
63
65
57
58
59
60
56
62
51
55
54
53
52
100
50
11
48
49
10
71
9
103
99
35
39
36
40
104
19
33
38
37
30
31
28
34
107
105
106
32
26
25
110
109
21
108
24
22
112
111
18
113
129
130
23
115
114
117
118
120
116
119
124
123
121
16
85
131
132
133
135
136
137
134
138
139
140
141
142
144
143
147
145
146
87
15
148
149
150
151
152
-1
EOF
