TOUR_SECTION
1
980
346
296
116
289
974
754
419
443
361
491
696
934
369
184
18
470
250
834
77
425
713
917
463
886
59
94
14
496
51
860
666
78
446
800
382
428
235
940
695
532
518
278
608
372
15
348
208
735
967
687
718
668
256
768
648
657
287
394
908
69
669
927
191
539
189
794
811
520
624
118
421
763
626
341
516
283
606
942
578
397
174
36
792
943
486
469
85
162
651
86
843
103
441
187
239
479
596
144
68
71
965
294
597
744
810
265
454
164
460
733
799
485
618
805
217
366
524
145
766
577
472
856
895
969
534
911
135
292
176
351
57
105
684
716
81
31
236
226
405
172
677
55
780
411
559
468
854
587
481
422
918
380
258
279
251
192
290
936
161
8
791
530
835
693
723
882
212
813
9
367
630
489
667
146
136
894
26
495
686
890
741
984
821
286
865
726
252
159
160
354
581
545
814
150
466
649
743
323
846
929
855
824
474
373
623
319
688
66
784
749
152
798
79
812
656
38
550
707
620
724
476
536
439
544
39
680
206
613
665
772
12
149
303
526
414
914
389
126
270
33
950
509
909
404
664
477
497
415
398
840
328
879
721
309
730
360
847
734
646
22
592
494
391
966
268
572
575
588
928
789
958
641
600
930
904
602
383
902
913
972
502
138
350
796
376
540
450
393
310
232
739
130
272
417
714
753
266
395
867
815
570
471
240
73
390
140
54
23
344
560
438
147
182
173
614
975
549
878
207
708
306
767
106
166
231
6
875
449
93
764
523
990
70
946
102
282
779
357
849
343
844
863
877
277
462
892
598
923
493
195
622
90
128
513
50
499
263
371
567
181
238
211
156
473
924
148
453
241
299
91
729
347
831
555
945
225
781
906
179
861
204
557
375
616
547
640
992
437
458
434
891
760
571
32
956
658
76
322
427
986
313
229
771
701
732
124
500
617
88
284
213
959
991
864
47
11
424
385
329
331
274
818
435
985
517
755
203
542
852
691
912
186
465
43
157
368
897
981
962
533
409
314
41
738
883
478
119
857
817
775
585
345
747
568
619
24
512
621
953
537
993
63
53
321
625
178
782
822
7
356
218
931
907
676
556
717
635
67
752
682
866
832
315
210
876
845
874
56
28
979
44
64
165
645
829
20
46
786
198
378
459
607
359
595
358
871
762
961
652
697
307
612
45
410
769
522
121
97
632
74
21
151
442
715
872
809
457
787
594
777
431
16
228
611
37
29
492
101
464
48
937
58
374
158
926
129
910
750
219
535
850
353
155
304
973
123
678
653
506
806
117
167
842
183
490
528
223
709
215
543
342
728
153
745
776
819
868
418
905
205
384
291
111
963
901
580
335
84
202
976
451
386
333
529
661
655
72
853
938
482
312
838
52
318
637
941
881
407
95
510
672
583
110
565
83
896
316
209
433
858
643
281
396
230
127
888
803
514
932
461
756
531
922
987
92
13
770
260
564
141
563
370
113
379
802
660
833
801
246
783
948
298
633
416
10
336
180
249
827
320
862
988
194
19
848
576
710
487
788
255
944
830
900
627
644
662
440
222
837
475
65
355
703
642
903
285
870
916
247
308
603
122
825
727
826
42
951
538
527
488
185
432
636
947
579
659
327
553
797
362
889
552
758
245
925
601
100
114
887
267
551
334
444
340
702
501
790
698
169
276
561
609
430
221
89
480
264
915
954
548
793
302
447
804
448
983
629
317
816
326
2
49
700
720
638
96
737
170
445
694
893
387
365
402
248
558
400
109
719
301
154
262
519
352
654
112
823
338
935
705
884
670
574
420
27
311
364
408
288
392
143
60
35
982
452
736
689
759
898
634
939
859
757
337
566
508
423
511
325
957
706
175
699
546
604
80
234
280
692
200
107
989
712
201
305
406
970
569
679
869
586
381
214
828
40
139
237
436
751
483
399
503
132
131
377
98
704
765
880
949
339
220
681
412
197
971
785
193
740
525
4
773
120
82
504
330
631
133
748
163
761
401
590
273
115
168
257
61
673
190
841
17
920
455
254
731
639
142
541
293
224
295
663
429
873
808
3
297
227
125
690
955
977
253
605
774
807
271
919
562
615
242
725
650
216
269
259
300
573
87
964
515
899
5
75
134
332
674
795
456
711
851
233
521
275
746
467
507
324
554
99
388
498
30
108
671
921
584
978
426
171
885
610
137
34
933
243
685
199
836
593
952
196
968
839
591
363
188
675
62
403
647
742
349
413
589
683
628
778
104
261
599
960
722
582
505
177
244
484
820
25
-1
EOF
