NAME : lhk.690154.tour
COMMENT : Length = 690154
COMMENT : Found by LKH [Keld Helsgaun] Sat Jun 13 01:11:53 2026
TYPE : TOUR
DIMENSION : 116
TOUR_SECTION
1
2
3
4
5
6
7
8
9
10
11
12
14
77
19
15
18
20
17
16
79
23
24
25
26
27
28
29
30
31
32
33
34
35
36
37
38
39
40
41
62
42
43
21
44
45
92
47
48
49
50
51
52
53
54
55
56
57
58
59
60
61
22
63
64
65
83
66
70
71
68
69
78
13
72
73
74
75
67
82
81
80
84
85
87
88
86
89
90
91
93
110
94
46
76
96
97
98
99
100
101
102
103
104
95
106
105
107
108
109
111
112
113
114
115
116
-1
EOF
