NAME : lhk.2288335.tour
COMMENT : Length = 2288335
COMMENT : Found by LKH [Keld Helsgaun] Fri Apr 10 18:03:47 2026
TYPE : TOUR
DIMENSION : 993
TOUR_SECTION
1
261
244
484
346
628
99
521
34
30
836
243
968
199
137
196
921
593
275
426
671
591
324
746
610
829
820
25
582
960
28
599
7
356
46
752
936
874
782
682
258
20
791
198
67
717
422
290
845
195
866
587
863
788
152
8
526
835
439
389
509
812
613
779
877
414
404
724
424
870
33
656
398
126
944
149
973
772
617
909
175
476
497
143
957
939
392
982
958
477
950
383
60
423
511
544
634
546
303
604
914
523
38
39
270
415
536
707
688
693
918
481
148
907
156
854
849
946
210
786
70
453
493
378
44
822
56
635
676
595
607
979
189
64
459
931
876
358
520
513
187
473
277
50
343
534
357
990
102
181
844
211
923
810
892
462
924
567
749
55
757
784
646
904
371
620
460
128
840
780
577
238
138
292
485
592
716
597
494
684
805
792
578
162
217
265
411
499
539
622
871
598
624
294
86
263
794
36
283
908
626
397
969
282
618
559
763
856
799
85
209
469
113
441
341
838
606
454
239
433
965
811
744
69
648
174
486
768
943
191
315
287
218
645
843
359
233
144
927
467
584
118
71
851
651
479
103
554
885
839
507
952
978
335
171
108
498
388
933
333
685
657
942
853
384
111
421
510
848
580
655
394
905
976
672
901
291
418
205
202
386
741
312
153
529
451
661
26
373
686
890
743
323
474
929
894
984
581
286
252
53
136
726
821
855
495
621
319
865
819
160
649
354
298
72
776
466
84
963
52
318
745
274
985
478
818
814
623
824
667
465
846
576
379
993
897
159
625
150
512
43
857
314
157
435
63
24
883
775
376
6
272
450
614
542
54
140
753
787
632
121
182
457
21
37
961
522
796
410
769
611
594
307
492
715
431
713
777
29
369
228
696
16
697
45
886
872
558
51
700
32
737
793
326
200
365
983
893
934
387
18
237
751
869
436
381
586
302
828
989
214
679
301
437
447
107
720
548
719
906
954
970
317
40
694
406
264
547
760
638
448
861
170
804
305
445
89
915
94
569
463
154
201
139
248
96
340
400
712
470
443
496
917
289
116
322
974
781
561
609
91
727
579
797
430
831
109
204
434
629
616
49
571
402
241
555
225
299
891
76
666
557
949
971
687
552
658
729
956
880
362
208
992
668
179
2
427
640
816
501
491
163
503
185
681
327
444
601
758
928
636
575
100
125
790
59
659
169
334
432
17
826
425
142
920
429
834
361
442
14
754
184
245
652
612
762
232
860
395
254
673
77
42
168
639
887
650
231
774
73
190
873
660
919
514
562
164
783
803
271
3
83
541
977
524
827
808
941
295
563
226
948
407
564
141
293
867
246
841
106
147
207
216
517
166
975
93
173
130
549
257
708
419
151
809
242
74
570
471
875
266
878
449
97
560
747
23
393
764
194
409
537
310
767
739
533
714
815
417
306
320
345
390
619
585
888
240
146
41
186
545
370
962
119
981
738
540
368
852
180
881
565
344
862
416
321
858
691
336
92
987
127
95
316
932
531
953
922
203
461
643
817
396
912
260
178
230
568
755
988
637
10
19
13
938
802
868
68
516
482
833
110
728
596
669
583
756
633
770
236
145
135
281
801
896
615
911
733
227
677
249
663
224
57
895
360
81
366
807
690
405
538
438
297
253
588
61
698
250
551
731
889
955
947
351
789
309
172
725
391
730
600
641
31
90
176
105
766
472
913
930
268
350
902
847
721
692
879
572
966
267
605
221
328
480
455
925
22
602
502
972
276
82
527
740
553
330
951
734
898
35
325
773
859
736
80
508
765
234
273
566
452
278
120
706
748
131
590
506
304
761
525
490
280
689
337
183
229
798
342
653
11
806
213
129
937
223
678
219
101
543
372
483
699
48
115
785
428
197
631
375
220
133
339
347
488
702
114
458
98
412
399
15
504
945
735
382
926
695
401
718
256
4
518
193
850
78
446
608
800
967
348
377
940
704
532
123
132
464
167
374
215
709
58
124
235
500
910
158
47
353
842
117
528
329
331
750
986
864
155
771
959
535
759
313
732
79
701
284
964
385
259
573
456
711
87
515
5
134
899
332
188
795
75
413
363
62
813
630
589
723
647
367
683
300
349
675
837
642
269
742
662
355
475
900
440
255
644
212
403
9
882
489
288
408
574
364
222
903
703
670
627
247
308
285
825
674
916
161
122
665
830
487
88
664
12
206
66
991
550
680
603
530
279
935
192
27
165
823
380
710
311
112
884
468
705
65
352
262
654
519
338
556
420
251
832
296
778
104
177
722
505
980
-1
EOF
