TOUR_SECTION
1
346
104
25
722
628
582
778
177
706
602
966
958
494
847
789
757
268
572
383
35
328
234
502
646
360
721
508
138
600
511
898
546
904
734
730
972
60
452
80
588
902
350
391
641
736
982
9
363
882
723
489
413
589
188
349
683
813
367
675
742
630
647
62
212
782
960
829
822
786
165
682
820
210
866
420
752
832
874
251
28
356
20
56
290
556
7
150
465
53
855
26
667
252
354
649
323
741
581
814
160
818
136
865
159
929
894
623
726
474
545
846
824
286
146
319
274
495
821
43
984
743
478
686
621
890
21
73
652
410
614
471
23
450
182
147
594
97
522
697
140
457
611
232
632
492
272
767
45
310
121
231
570
708
93
796
762
431
29
37
753
307
739
442
612
549
393
449
266
809
787
975
769
74
54
872
151
173
715
878
961
48
167
528
123
850
219
926
129
215
532
158
117
709
544
688
613
870
550
398
536
476
12
724
680
126
530
152
415
39
749
33
526
206
665
66
79
38
389
439
656
812
243
685
333
451
373
312
507
978
498
202
384
199
108
529
205
171
885
386
661
291
963
466
341
905
819
868
510
838
52
111
153
728
482
580
394
776
72
174
298
938
745
68
655
84
901
418
19
848
976
256
718
668
278
382
518
940
666
235
372
967
735
608
658
225
446
800
640
15
687
78
208
428
695
348
299
222
944
603
65
837
710
642
662
703
903
916
308
355
255
247
900
279
475
788
644
122
830
285
825
487
440
515
332
964
259
456
573
899
403
711
300
134
674
269
795
75
87
5
128
303
181
414
689
90
930
604
914
211
343
148
877
840
620
509
195
50
270
513
784
923
371
523
238
462
779
892
793
547
945
241
264
831
301
91
434
629
445
322
170
906
571
49
154
109
437
891
616
893
956
458
32
992
76
375
402
427
548
781
179
720
555
326
557
861
729
204
737
760
347
719
69
71
908
191
554
651
851
294
239
927
843
596
853
103
479
118
539
486
421
942
397
943
657
768
584
648
144
335
761
740
412
377
765
220
98
503
748
330
773
504
525
401
115
339
82
273
133
193
4
483
971
163
197
631
120
399
880
785
704
949
131
132
590
681
430
276
826
702
553
267
362
561
169
89
361
790
100
114
552
601
575
727
551
605
951
444
636
480
887
889
245
797
221
327
527
501
432
488
731
185
538
609
947
928
925
334
340
659
13
416
260
92
230
396
637
576
783
379
461
568
941
141
95
281
922
770
633
336
180
802
801
672
862
833
318
370
407
817
896
127
881
987
113
10
110
932
988
803
246
888
858
433
583
316
716
524
405
485
292
57
677
766
879
577
164
895
810
366
592
176
55
913
911
805
105
780
22
684
534
411
81
172
309
460
597
733
265
226
559
135
472
31
119
537
314
560
517
203
435
948
981
867
24
993
41
691
912
306
345
619
738
775
883
390
207
157
815
953
512
106
409
542
985
755
63
186
376
166
178
625
714
533
764
852
6
368
875
747
897
585
857
240
962
344
321
918
587
791
481
258
835
468
693
156
936
707
8
161
192
990
854
863
567
422
453
357
317
970
365
917
754
954
712
694
983
107
443
869
200
94
448
116
777
139
558
2
248
436
96
381
16
40
447
638
989
400
305
804
18
828
679
387
934
974
237
816
915
302
586
496
700
463
406
569
751
214
228
14
201
713
275
426
671
836
324
839
467
521
933
196
388
593
610
591
968
952
34
233
137
99
746
921
30
419
690
297
696
807
59
919
184
61
289
51
42
698
17
834
369
168
886
955
224
758
77
774
860
579
257
455
250
254
470
873
425
491
639
3
673
429
125
142
920
519
823
380
574
670
935
338
112
627
311
352
654
408
262
364
705
288
884
27
827
271
242
541
564
565
660
83
663
615
395
145
841
977
540
130
194
351
249
562
417
320
227
563
295
514
216
190
438
808
650
756
725
293
643
531
253
277
44
198
64
946
876
871
931
520
263
378
70
844
473
358
315
218
493
46
67
645
607
979
717
624
676
359
595
907
459
635
845
849
701
47
329
385
124
88
213
424
991
500
864
313
959
284
11
331
771
732
617
229
986
189
965
454
209
499
811
102
606
287
282
217
36
578
618
794
86
283
792
236
856
669
744
469
924
622
799
763
441
85
969
187
598
162
516
626
423
772
950
798
392
337
175
280
664
859
634
325
692
477
404
939
183
497
143
759
909
957
699
149
101
806
535
973
342
543
464
566
937
678
155
353
910
58
374
842
653
304
506
223
750
490
261
599
296
505
244
484
980
-1
EOF
