NAME : lhk.2298284.tour
COMMENT : Length = 2298284
COMMENT : Found by LKH [Keld Helsgaun] Fri Jun 12 17:42:38 2026
TYPE : TOUR
DIMENSION : 993
TOUR_SECTION
1
275
34
467
746
196
593
584
324
933
233
30
968
426
921
952
202
978
384
976
507
333
529
580
386
963
153
655
174
52
111
838
651
118
516
239
335
853
851
103
554
657
942
69
486
263
671
927
144
358
645
607
794
86
676
397
979
71
46
843
44
610
359
315
820
296
599
25
582
505
778
104
177
288
311
112
884
935
262
338
380
710
670
574
519
352
408
705
9
349
212
308
644
247
627
364
642
65
916
603
812
837
788
944
33
122
222
830
530
487
665
798
656
424
476
950
535
80
143
415
909
526
749
477
12
325
706
982
689
303
536
914
736
544
546
784
389
835
152
468
854
279
161
285
654
823
27
825
550
481
290
258
918
192
870
688
181
707
439
936
680
693
990
567
277
8
930
128
462
493
357
946
863
453
343
210
876
587
422
251
198
20
420
752
874
7
56
556
782
832
165
960
28
378
356
218
786
822
67
682
866
459
635
595
829
931
849
871
64
473
717
844
845
70
294
513
907
187
965
195
626
624
110
162
292
799
211
733
460
716
677
282
50
270
156
779
414
877
494
148
620
791
509
238
383
404
138
39
634
511
371
622
902
523
90
892
268
31
22
789
534
810
598
411
766
592
911
730
265
55
744
236
559
577
485
856
725
351
502
805
81
360
597
176
164
663
253
808
605
455
636
690
702
444
538
966
790
781
401
887
928
727
115
889
551
267
405
125
879
61
105
721
913
366
527
309
684
350
391
575
423
17
602
100
276
508
328
904
631
430
949
220
501
488
169
412
659
797
638
694
184
59
49
983
96
387
94
139
860
917
470
491
245
696
480
826
163
340
347
250
951
425
762
74
221
334
89
232
947
77
42
168
834
809
51
697
652
14
37
442
632
432
754
45
361
369
915
777
2
18
974
934
443
305
816
712
204
447
700
569
992
956
720
427
445
719
302
793
552
906
375
458
880
339
740
185
561
278
616
114
666
4
608
967
428
372
940
235
800
483
971
117
167
973
101
504
525
761
704
748
668
197
273
133
681
399
78
131
785
193
898
98
362
590
847
327
553
773
588
957
925
452
330
572
35
641
604
972
958
601
234
646
923
840
734
757
60
600
82
503
566
692
699
859
765
543
939
806
842
678
280
497
175
126
337
664
937
124
206
392
155
653
353
910
374
506
183
490
58
959
304
500
464
750
385
759
38
771
269
864
223
149
772
355
398
66
573
724
47
613
986
732
11
284
701
79
991
342
617
329
300
313
213
331
75
662
229
332
703
440
903
900
475
742
413
88
711
674
456
134
188
62
363
683
589
367
403
489
255
813
630
882
723
675
964
647
259
795
5
87
899
515
158
48
709
129
123
850
219
215
926
377
718
348
528
225
532
382
256
299
861
132
32
658
446
15
120
557
729
687
695
91
208
518
571
179
547
322
735
326
434
831
76
954
496
107
760
640
154
170
804
264
402
241
555
317
970
893
629
989
737
891
400
365
116
437
406
200
751
548
828
248
945
679
301
869
109
214
40
201
237
436
381
586
463
448
558
872
713
228
492
16
715
457
21
266
787
961
431
272
769
522
708
611
307
594
878
29
224
410
121
920
393
609
774
419
271
886
579
698
142
297
919
758
873
289
807
97
731
977
254
257
650
190
295
194
246
242
756
514
827
563
135
987
216
145
226
524
472
780
102
583
57
633
541
209
783
454
92
68
770
792
191
287
189
499
36
943
520
539
908
578
217
924
283
433
341
113
988
606
811
479
969
441
596
768
85
394
421
648
669
728
901
291
868
298
745
461
848
643
802
618
905
95
249
858
922
469
763
316
895
564
172
803
407
336
672
127
565
862
10
180
260
948
576
817
881
815
896
306
801
141
416
321
409
320
376
537
755
240
985
691
396
852
13
157
897
517
106
119
314
344
975
764
166
714
173
63
512
739
449
54
73
560
450
6
182
941
549
660
637
281
231
41
615
540
639
293
395
429
531
227
796
83
130
147
3
438
673
417
562
955
471
841
151
207
93
390
612
614
23
753
867
570
140
310
767
345
203
625
542
747
912
962
875
533
883
435
24
775
585
981
150
953
818
857
621
465
354
53
319
186
478
667
43
545
286
379
274
619
738
159
846
178
814
230
855
888
510
368
370
318
932
568
824
833
19
482
146
938
72
84
819
623
865
466
160
323
741
649
205
418
776
743
993
252
581
821
726
495
894
136
890
984
929
474
686
26
373
312
661
451
388
685
243
171
498
885
108
839
137
199
836
521
591
99
346
484
244
980
261
722
628
-1
EOF
