TOUR_SECTION
1
808
922
216
531
83
563
565
977
827
643
564
896
194
803
127
895
249
562
637
541
320
756
145
514
351
841
660
295
987
941
586
406
237
751
201
679
214
712
436
989
869
828
40
107
139
381
154
954
402
170
915
793
700
400
804
447
248
96
737
448
302
983
970
326
365
264
109
694
305
719
548
387
629
569
638
445
893
317
816
720
2
49
200
861
956
347
208
729
891
571
906
547
781
640
658
458
831
179
945
225
375
76
555
301
616
760
204
557
91
434
299
437
32
322
992
427
241
334
430
925
185
362
552
480
488
276
527
432
659
504
702
727
163
928
444
889
503
100
790
826
601
561
758
221
551
114
579
698
327
340
501
636
797
609
951
887
328
169
947
267
553
401
538
15
4
348
748
382
220
608
800
761
78
880
372
735
518
695
446
785
949
668
235
967
718
532
123
428
709
377
278
167
98
215
339
687
971
120
666
219
940
926
256
850
976
72
333
728
111
901
153
384
386
838
202
776
580
938
905
853
52
291
482
418
963
655
84
745
819
868
837
711
642
413
475
363
589
573
9
403
75
683
87
674
795
62
332
188
742
515
259
630
134
300
647
944
964
212
723
349
5
675
367
899
813
269
662
882
489
456
323
890
741
373
26
451
661
686
529
312
726
474
649
205
775
409
321
888
306
948
817
852
368
953
407
41
141
157
815
416
314
246
619
260
881
755
119
517
747
180
537
862
691
13
63
834
289
443
917
886
713
89
361
18
116
184
94
369
463
51
245
558
496
470
974
250
425
59
934
696
189
924
794
263
283
744
397
799
469
85
36
622
626
217
856
187
811
102
499
282
86
969
618
454
598
287
792
520
578
624
162
965
498
426
196
593
584
199
275
921
171
507
839
968
836
388
952
137
685
885
933
108
243
978
335
453
20
277
854
567
195
946
936
198
717
64
156
422
513
990
67
343
844
462
876
918
871
258
70
845
357
863
791
493
211
481
849
523
907
693
473
181
393
207
130
708
147
6
438
417
753
767
875
266
471
867
231
395
54
614
272
542
450
878
73
376
560
23
714
764
106
166
390
975
739
570
449
310
549
240
182
344
540
140
173
421
539
479
394
191
651
943
763
69
596
657
174
768
942
851
486
648
294
341
68
908
669
441
103
239
516
88
991
155
385
223
11
528
183
229
58
101
959
284
806
213
158
664
617
329
497
759
937
859
353
129
864
477
701
304
464
500
910
124
772
771
117
47
798
950
342
490
48
653
732
750
535
424
175
506
842
331
149
986
374
699
313
543
224
663
731
227
455
605
190
293
690
873
572
650
955
271
575
807
17
125
725
879
592
61
297
253
615
981
883
435
897
568
738
24
993
625
585
274
345
533
962
186
43
178
985
857
203
818
912
512
465
478
782
822
7
420
356
104
28
251
210
56
778
599
290
505
829
25
459
874
556
866
165
752
582
682
820
296
832
177
960
786
984
621
545
855
466
53
743
495
319
136
286
160
894
252
146
929
824
623
150
667
581
821
846
159
814
354
865
762
777
632
457
872
431
492
410
612
754
697
961
14
29
37
652
594
45
21
769
611
16
522
715
228
307
442
46
979
645
315
746
931
635
118
676
30
467
671
324
233
359
378
144
607
71
218
610
44
927
843
554
595
358
371
524
128
309
164
766
411
716
684
366
405
472
780
559
135
31
236
172
226
805
105
81
923
534
677
292
176
22
460
577
57
485
810
597
265
913
733
360
238
55
911
42
93
121
74
257
860
920
673
151
242
3
142
168
809
97
429
419
254
919
77
232
787
774
639
796
491
510
370
316
209
281
95
801
396
336
858
10
633
783
988
230
802
833
583
848
110
672
461
298
318
770
932
19
576
92
379
113
433
606
288
705
788
65
587
916
364
603
468
192
279
825
670
823
654
311
935
884
255
519
627
710
352
262
338
835
308
644
574
112
903
161
380
703
285
900
27
247
222
408
355
440
337
957
483
82
973
602
982
273
566
692
678
133
898
773
280
131
399
423
412
193
765
115
330
590
197
704
740
525
631
452
681
939
132
930
80
588
634
904
736
847
511
972
600
546
391
721
646
60
508
757
734
35
383
689
902
892
958
502
604
268
706
840
494
641
789
966
90
350
148
234
730
138
325
909
870
439
707
12
656
830
544
50
680
536
487
509
414
122
143
415
812
152
303
724
613
270
784
550
476
206
749
526
126
398
404
39
779
66
665
620
877
33
530
389
38
392
914
688
79
8
261
722
244
34
628
591
521
99
346
980
484
-1
EOF
