NAME : lhk.552387.tour
COMMENT : Length = 552387
COMMENT : Found by LKH [Keld Helsgaun] Fri Apr 10 17:25:19 2026
TYPE : TOUR
DIMENSION : 127
TOUR_SECTION
1
2
3
4
5
10
7
9
6
13
8
12
78
14
15
77
76
75
74
71
73
72
69
68
67
70
16
66
65
63
64
58
79
62
61
60
55
57
56
53
59
54
47
49
45
52
51
43
48
50
46
44
42
39
38
40
32
37
35
36
17
101
34
33
30
24
31
41
29
28
27
26
25
23
21
18
22
20
80
19
81
82
83
84
87
86
85
88
89
90
92
93
91
94
95
96
98
99
97
103
100
106
105
102
108
109
107
104
113
112
111
110
114
116
11
115
118
117
120
119
121
122
123
125
124
126
127
-1
EOF
