NAME : lhk.2251335.tour
COMMENT : Length = 2251335
COMMENT : Found by LKH [Keld Helsgaun] Sun May 24 22:56:36 2026
TYPE : TOUR
DIMENSION : 993
TOUR_SECTION
1
25
960
296
7
820
778
832
582
654
935
338
251
165
884
380
290
210
782
420
556
874
28
599
829
46
752
822
233
610
746
196
921
839
388
335
584
426
554
671
467
927
263
843
64
144
607
315
676
358
682
595
356
635
378
198
866
359
459
845
520
876
871
20
979
717
931
277
67
918
693
791
161
56
786
936
262
823
8
422
587
812
530
854
688
192
788
258
279
825
122
830
870
835
33
665
415
398
206
487
126
66
900
613
355
710
642
701
837
916
475
11
991
284
424
129
959
342
732
155
464
724
229
937
175
772
986
664
550
392
759
653
477
656
124
950
303
374
544
404
497
536
39
526
12
439
535
798
337
692
859
634
910
939
60
183
35
765
706
330
646
898
509
928
600
383
789
957
452
405
114
588
904
22
502
234
508
602
80
268
972
138
494
622
913
736
282
958
238
604
90
414
641
914
511
902
784
389
779
50
840
892
689
749
990
620
523
877
707
357
567
468
152
680
513
453
863
70
481
128
195
211
156
270
181
148
292
677
534
343
493
849
907
499
187
86
162
578
924
794
946
799
844
598
810
55
462
31
805
733
472
780
371
265
391
411
684
524
725
172
57
597
930
923
105
253
227
911
226
766
663
224
360
577
164
217
559
176
792
618
856
460
236
744
770
102
469
485
514
110
763
858
13
583
433
510
833
988
174
113
648
209
596
341
969
669
36
963
10
516
655
68
802
461
745
728
776
291
84
938
868
153
819
205
529
451
312
386
384
976
52
901
333
482
580
441
111
851
651
768
606
239
92
626
965
811
394
908
71
283
287
44
218
189
473
397
645
294
118
103
324
624
943
486
539
479
191
421
657
69
202
853
978
942
243
885
171
685
108
498
507
661
649
373
474
26
890
821
984
581
354
667
319
53
150
621
43
178
298
846
993
252
146
495
743
545
160
323
929
136
686
865
418
855
726
72
894
818
838
741
814
905
623
824
19
466
370
379
407
888
633
95
396
336
318
801
541
881
922
848
896
316
672
85
230
827
895
454
803
650
564
562
756
295
643
637
987
862
141
63
537
41
478
747
260
817
948
576
981
932
568
738
274
517
286
465
512
691
852
203
953
119
344
775
368
281
815
180
755
985
450
194
306
565
783
540
320
409
246
660
249
145
563
23
242
351
731
841
615
83
538
977
81
216
955
271
173
142
3
920
257
774
961
612
74
289
207
231
639
93
310
190
147
376
764
321
417
941
395
127
808
416
106
531
708
438
390
54
570
130
878
166
272
240
73
753
614
21
560
875
157
867
714
314
542
435
897
24
619
625
857
159
585
912
345
186
883
767
533
6
962
266
975
182
471
549
739
919
449
97
45
715
232
14
522
796
594
934
787
762
121
393
61
29
491
769
807
659
673
168
42
293
429
698
579
419
592
790
17
125
690
309
366
879
135
716
572
925
605
470
575
334
254
297
609
797
361
96
455
873
480
444
327
947
362
889
267
503
401
163
951
504
430
169
636
971
681
100
826
616
629
184
248
94
437
400
305
917
301
264
638
179
548
496
970
447
569
712
893
915
443
436
2
18
200
463
872
77
652
697
432
713
954
32
558
237
369
834
816
700
387
340
365
170
245
861
758
250
983
551
696
561
51
59
886
185
151
777
425
860
139
754
201
492
442
809
611
140
457
431
37
228
632
16
751
307
974
410
116
381
869
828
214
989
586
40
406
107
804
302
402
719
448
945
109
720
445
427
679
793
317
299
76
906
154
555
91
729
992
967
557
256
831
735
225
695
339
235
78
800
748
348
117
48
761
123
709
528
167
850
215
940
219
490
278
750
532
518
740
372
15
640
193
718
208
446
434
571
687
956
666
760
501
89
547
658
120
891
428
241
204
326
49
694
608
737
375
781
552
727
220
328
98
483
82
678
631
399
847
132
347
887
702
488
553
757
730
966
276
601
527
325
525
699
423
590
734
221
412
721
131
133
785
704
880
350
115
377
458
949
926
668
322
382
273
197
773
4
566
280
982
149
543
546
38
973
909
79
476
353
313
58
223
842
617
506
143
101
304
806
158
385
771
329
331
500
899
5
213
87
47
269
795
864
134
964
674
456
75
332
300
683
903
647
212
589
675
188
515
630
363
62
259
413
882
813
723
349
742
367
440
403
711
88
573
662
944
703
222
65
247
489
408
9
255
574
285
27
644
308
603
311
627
112
705
364
288
670
352
519
104
177
722
261
980
244
484
346
99
628
521
199
836
275
30
591
952
137
968
933
593
34
505
-1
EOF
