TOUR_SECTION
1
25
599
628
88
47
269
11
573
5
837
701
986
944
259
284
864
515
300
795
991
75
329
331
385
899
87
711
134
959
586
317
91
365
204
201
720
437
638
679
893
945
139
40
248
387
264
241
496
831
547
154
700
445
76
436
558
970
427
555
406
434
816
712
828
200
737
906
179
989
915
326
694
804
305
96
954
548
719
109
629
2
301
616
94
447
569
302
956
402
237
891
107
571
793
448
381
983
400
32
170
869
49
760
214
384
386
479
851
596
103
942
868
963
584
68
976
335
901
69
943
153
394
333
202
111
421
853
651
341
657
462
102
472
604
924
371
211
930
148
128
90
877
238
270
499
282
779
892
923
50
181
523
598
622
297
774
419
663
190
254
758
807
142
955
257
61
253
168
429
17
224
605
920
271
3
42
455
731
491
639
77
690
125
873
82
80
641
736
734
721
966
328
904
35
276
847
508
572
600
553
789
452
588
902
972
133
350
131
525
898
399
958
730
575
383
502
268
928
773
602
391
925
412
330
585
619
537
368
344
157
41
119
764
240
512
625
897
691
345
852
409
314
517
953
390
24
306
867
738
106
981
775
6
755
560
321
747
912
203
883
533
376
435
714
857
63
875
962
542
166
568
319
984
985
894
846
150
623
159
855
53
621
252
993
354
146
824
478
818
545
581
178
865
274
136
465
814
667
186
286
821
495
743
43
183
634
859
798
234
497
957
950
143
423
197
939
689
982
909
706
692
280
337
60
566
175
699
772
511
765
759
325
546
392
973
757
112
311
710
574
903
247
308
65
642
288
644
519
408
222
364
705
603
788
355
884
440
703
670
627
916
255
825
475
285
352
900
22
810
559
460
840
411
534
292
494
138
677
55
805
716
577
684
366
309
176
766
913
360
646
57
31
105
265
597
592
733
742
403
332
9
212
188
349
964
647
413
367
456
683
363
674
675
489
630
813
662
723
589
882
62
51
289
37
886
184
769
116
934
696
45
16
751
715
860
594
59
754
14
442
652
369
917
410
834
443
307
431
713
974
697
777
18
522
463
29
612
492
632
425
250
457
762
872
611
228
659
781
430
488
552
538
361
790
887
826
698
527
551
340
889
185
221
334
401
636
267
609
501
432
470
947
702
245
579
727
951
444
797
601
327
100
362
480
169
89
114
561
725
145
987
911
226
895
780
81
135
977
485
172
879
227
541
164
405
351
524
236
514
532
971
278
98
695
687
208
382
225
193
631
668
504
557
658
608
640
718
590
163
740
704
299
785
15
967
949
377
729
861
483
78
120
220
256
132
339
666
348
940
458
800
748
347
992
503
375
681
4
235
115
735
518
761
372
446
428
322
273
880
510
655
379
418
580
19
298
905
72
318
938
776
728
291
174
802
745
482
52
396
819
848
932
461
838
466
84
294
624
397
36
86
843
263
191
520
287
539
486
768
908
71
189
578
794
187
118
34
521
243
921
108
933
388
507
99
591
968
836
685
199
885
952
498
839
978
171
137
281
10
633
230
817
246
316
858
888
896
141
770
988
637
833
95
336
672
948
862
881
801
127
433
803
583
370
416
941
260
13
783
576
922
180
92
407
258
654
587
290
468
279
338
422
380
161
835
823
251
935
854
262
27
192
567
907
195
871
844
343
946
791
481
67
693
990
198
849
70
845
493
453
64
936
156
473
513
717
863
277
357
876
918
467
927
676
30
315
144
645
610
358
746
671
275
593
324
554
426
233
196
607
126
122
812
39
415
620
509
149
544
8
487
688
526
398
33
476
536
439
749
530
404
550
830
870
724
303
914
707
206
477
389
784
66
414
79
613
680
664
38
665
12
152
656
162
792
669
799
454
856
969
626
441
763
965
283
744
606
516
113
217
239
110
209
648
618
469
811
85
820
635
682
782
556
210
420
218
46
832
56
866
786
822
378
979
829
44
356
752
960
7
931
359
165
874
459
20
28
595
756
565
650
540
242
83
417
808
615
216
130
564
841
295
827
249
563
395
531
320
194
438
293
815
562
660
643
54
708
74
767
73
471
97
272
231
450
310
753
796
173
739
23
147
182
975
549
151
919
809
393
232
449
570
207
21
93
961
614
266
140
787
878
121
673
124
750
771
490
219
937
926
910
48
424
374
229
617
101
850
215
732
58
158
528
155
678
304
535
806
223
543
464
842
129
167
709
653
123
353
313
500
342
506
213
117
661
741
205
451
373
160
474
529
323
26
649
929
312
686
890
726
722
177
104
484
980
778
244
261
505
582
346
296
-1
EOF
