NAME : lhk.613373.tour
COMMENT : Length = 613373
COMMENT : Found by LKH [Keld Helsgaun] Fri Jun 12 17:46:35 2026
TYPE : TOUR
DIMENSION : 142
TOUR_SECTION
1
2
3
4
128
5
7
10
9
8
11
13
15
12
16
14
17
6
19
20
21
25
18
24
23
29
28
82
31
30
27
26
32
33
35
34
39
36
40
70
71
38
41
42
37
45
43
46
44
48
47
50
49
51
66
53
52
67
68
62
61
54
59
56
55
63
60
97
98
64
65
96
99
100
101
102
103
104
105
110
106
108
109
119
133
111
123
120
114
122
115
113
121
112
116
58
118
57
89
86
88
90
87
69
72
73
76
77
74
83
81
80
22
75
79
78
84
85
91
92
117
93
94
124
129
127
130
131
126
132
125
107
134
135
136
137
138
139
95
140
142
141
-1
EOF
