NAME : lhk.2300534.tour
COMMENT : Length = 2300534
COMMENT : Found by LKH [Keld Helsgaun] Mon Apr 20 23:40:37 2026
TYPE : TOUR
DIMENSION : 993
TOUR_SECTION
1
34
591
99
836
521
593
839
746
610
196
921
137
885
498
108
451
685
171
978
507
388
199
243
952
426
942
111
851
933
335
68
421
853
153
239
905
191
174
69
202
651
539
908
833
516
848
811
794
36
792
162
294
441
584
648
394
520
486
479
103
943
657
768
927
30
676
968
645
467
843
71
189
263
378
635
118
64
907
918
622
849
86
578
265
187
499
493
371
513
863
70
156
211
567
784
990
587
812
680
481
530
8
688
791
835
389
50
892
195
343
779
39
181
303
148
924
733
411
472
176
287
598
677
844
397
946
282
283
922
559
577
744
799
469
292
236
85
92
524
626
763
135
341
606
10
856
110
230
633
618
95
336
987
911
783
514
227
827
217
81
57
366
257
895
226
541
977
637
531
13
969
858
563
127
583
770
896
565
113
803
209
52
281
802
316
596
461
801
19
965
976
669
291
655
838
580
868
529
901
386
384
72
160
333
741
728
84
963
482
510
865
743
776
938
354
418
286
474
205
819
312
373
26
661
890
686
929
726
821
323
667
894
621
136
984
545
581
495
252
159
568
985
818
649
319
623
814
146
379
298
318
466
932
672
433
745
988
396
465
755
817
888
478
368
203
993
824
855
178
53
274
846
619
150
517
857
912
775
512
106
883
625
875
140
975
612
961
232
449
570
54
787
266
739
182
390
560
533
714
878
815
344
753
240
306
450
416
897
852
691
166
767
310
738
376
542
157
747
345
435
24
948
41
585
953
43
186
119
314
660
63
941
246
141
881
862
537
564
407
351
370
293
194
320
180
260
242
321
540
981
643
867
576
438
393
962
73
23
409
614
471
417
130
549
83
173
395
673
764
808
756
295
61
253
190
216
873
297
224
271
572
17
597
650
841
562
22
663
592
958
636
690
807
605
42
758
889
551
455
727
925
972
951
328
902
538
100
502
527
31
55
725
164
684
766
615
249
780
716
102
454
805
145
485
460
810
879
172
534
930
913
238
923
309
914
105
706
604
904
128
646
898
138
840
267
360
405
928
721
966
511
588
391
790
35
847
383
634
600
350
641
546
730
734
757
699
330
276
268
80
631
773
133
163
115
740
982
602
452
789
362
503
561
553
221
340
444
947
659
601
488
334
575
920
774
480
698
429
731
886
168
652
289
501
432
425
872
51
18
419
955
59
231
77
919
147
125
860
74
93
796
6
207
3
151
639
272
21
522
611
410
431
762
307
442
381
769
751
712
228
436
463
214
915
989
828
40
816
406
586
679
970
204
91
638
305
448
96
719
402
248
32
107
154
945
434
241
616
427
729
891
76
445
264
548
869
302
954
906
301
225
629
446
571
208
179
377
880
382
967
15
372
256
687
78
518
850
940
709
129
123
500
215
117
167
348
490
48
219
806
926
197
532
278
695
718
761
608
949
800
4
861
412
339
273
760
666
428
668
458
720
299
555
347
365
640
437
49
447
326
917
737
893
89
387
831
694
983
170
834
317
558
200
109
547
804
201
569
237
777
400
14
974
250
184
116
934
713
594
470
715
457
16
632
29
697
37
579
97
708
254
121
492
142
45
809
369
754
696
956
139
496
94
443
375
793
491
361
2
245
609
185
169
781
327
702
826
430
114
220
797
700
887
992
552
483
399
504
681
557
401
82
322
98
525
120
971
765
658
735
193
132
785
748
131
235
528
590
678
101
566
798
280
973
859
939
937
957
704
60
750
183
313
535
864
158
149
506
58
543
910
223
842
155
331
664
47
771
732
617
374
284
342
304
213
175
653
353
124
12
392
476
877
337
423
759
325
143
508
736
494
692
234
909
689
544
620
526
523
270
90
509
462
707
749
854
414
415
152
950
536
206
439
38
724
424
229
33
404
487
497
126
398
772
959
701
656
986
464
88
674
11
329
899
385
75
87
515
188
573
647
5
795
62
456
259
742
662
837
711
944
134
269
477
991
613
66
550
79
222
788
642
870
665
830
279
192
440
262
823
161
27
338
112
884
627
574
311
705
65
285
916
308
900
355
703
122
825
475
603
403
332
683
589
964
413
300
675
363
630
723
813
212
882
9
349
367
710
903
255
489
247
408
670
644
352
519
364
288
654
420
820
56
290
556
935
251
468
874
832
25
822
359
682
7
210
782
28
752
198
67
871
866
356
829
595
453
845
20
165
258
380
717
693
473
936
277
357
931
786
422
459
876
218
46
979
233
44
144
624
358
671
324
554
315
607
275
599
296
960
505
582
778
722
177
104
261
484
244
346
628
980
-1
EOF
