TOUR_SECTION
1
261
628
591
34
80
423
902
966
276
502
958
734
904
757
511
773
525
789
508
328
588
765
383
600
391
60
972
957
928
330
553
721
730
706
452
350
982
133
268
35
602
898
131
925
641
847
412
692
572
736
234
413
589
349
489
363
742
813
723
675
683
212
62
630
188
9
367
882
647
398
759
90
656
303
12
476
404
699
389
415
526
414
634
950
724
509
148
544
546
392
689
270
939
859
749
798
536
604
38
439
909
892
497
143
772
914
325
39
620
271
862
216
895
941
180
485
725
141
295
407
660
190
127
615
253
135
249
841
541
643
564
351
977
563
531
650
320
808
663
756
227
194
803
896
565
827
83
637
293
562
145
514
104
177
722
778
306
207
948
542
852
962
368
321
560
344
953
875
537
714
409
6
625
815
912
240
376
897
157
24
883
106
747
435
981
63
585
517
314
166
512
390
533
775
764
857
345
619
867
767
674
259
300
269
573
515
711
899
795
134
964
332
75
5
456
87
823
288
364
352
627
311
574
705
654
338
670
408
519
884
112
27
603
247
662
475
703
644
255
65
403
837
903
222
285
825
355
642
710
308
944
440
916
900
365
983
712
751
443
200
804
558
679
139
201
107
970
264
40
694
381
154
2
305
387
915
700
828
989
638
869
569
954
214
406
548
302
447
448
248
586
237
974
436
152
830
870
688
487
680
122
835
665
380
812
613
8
530
279
66
161
192
788
206
550
791
128
181
343
877
849
523
211
473
195
156
453
357
50
567
462
481
844
707
493
277
924
238
784
598
693
990
513
70
102
779
918
946
863
684
22
105
597
534
524
309
472
366
622
879
226
164
913
840
911
577
172
31
930
733
292
766
810
460
81
677
780
805
411
265
55
405
138
592
716
176
371
494
57
360
559
646
282
923
151
920
130
614
739
242
147
395
173
449
182
23
787
393
257
975
417
142
429
753
97
540
272
121
93
140
549
450
73
708
3
673
266
310
471
231
774
254
961
878
438
54
74
796
232
919
809
570
639
855
726
286
581
929
323
26
814
150
894
984
373
354
743
252
865
136
160
667
890
474
159
686
495
649
319
821
934
29
228
289
872
410
715
14
116
860
45
754
522
697
762
463
834
457
769
492
713
777
16
21
632
37
18
594
612
369
307
886
611
51
184
442
431
652
196
921
507
199
426
521
388
685
498
171
836
108
933
243
839
968
952
335
275
593
885
137
978
905
386
580
776
868
111
72
745
451
153
482
819
741
838
291
418
661
728
853
976
529
52
384
312
84
655
333
202
938
963
901
205
91
496
375
945
400
552
179
317
109
347
322
616
402
571
32
891
76
956
793
434
906
241
719
831
737
547
729
94
760
326
893
170
629
49
557
445
720
781
555
437
992
204
301
427
816
861
458
96
843
657
942
30
851
103
584
421
746
233
467
671
118
324
607
191
645
554
610
144
71
768
358
927
943
315
876
752
198
782
931
359
20
635
28
717
218
845
44
979
378
907
67
46
682
829
64
595
356
459
676
871
82
501
235
687
98
949
718
120
880
631
740
681
220
735
132
503
115
800
273
348
428
785
666
399
377
299
971
382
483
532
193
78
518
372
658
4
967
640
504
401
695
278
761
208
940
225
339
15
748
163
668
446
704
256
608
545
568
846
985
755
43
379
260
576
881
932
691
466
146
178
623
53
19
119
888
802
416
203
41
817
186
396
318
298
824
465
738
274
13
246
993
370
818
621
478
794
263
239
624
908
669
516
36
626
86
397
539
287
189
648
187
294
394
217
469
69
811
68
441
744
799
792
85
965
499
520
479
578
596
162
651
763
486
283
701
664
213
124
79
991
284
126
732
229
313
617
959
33
88
477
331
149
500
771
986
424
11
385
329
47
864
251
258
935
165
290
468
420
854
866
422
786
587
210
56
936
262
556
874
709
219
58
129
175
342
223
123
280
215
304
337
101
197
535
506
566
653
183
850
842
158
374
926
973
117
490
543
750
590
910
528
937
167
353
678
48
155
806
464
960
820
505
822
296
25
7
582
599
832
61
470
245
696
609
797
887
579
340
636
17
455
169
334
698
114
889
873
168
538
561
419
731
488
659
758
42
224
100
89
491
790
951
185
59
955
480
430
221
605
125
432
551
250
826
807
362
267
527
702
727
444
947
361
327
297
575
917
690
77
601
425
922
988
433
583
987
10
113
230
672
209
858
92
848
618
316
95
336
110
833
236
341
783
461
454
606
633
969
801
281
174
770
510
856
346
99
244
484
980
-1
EOF
