NAME : lhk.634889.tour
COMMENT : Length = 634889
COMMENT : Found by LKH [Keld Helsgaun] Fri Apr 10 17:58:58 2026
TYPE : TOUR
DIMENSION : 172
TOUR_SECTION
1
3
2
4
8
10
5
16
17
71
69
67
70
76
78
83
82
81
85
80
84
88
96
89
169
90
91
86
87
168
73
97
95
98
102
48
165
46
43
74
77
75
79
40
45
39
42
41
30
35
26
27
31
21
29
65
64
66
25
68
72
23
24
28
22
20
13
14
11
12
7
6
9
32
33
56
57
58
59
63
60
61
62
34
36
37
162
38
160
161
49
50
159
44
158
157
156
101
142
152
155
139
143
140
145
146
147
144
141
148
149
150
151
153
154
166
167
163
164
47
138
100
99
94
137
92
93
133
136
132
131
130
125
135
134
128
129
127
103
104
105
106
126
123
124
119
120
118
117
116
109
122
110
121
107
115
108
114
113
111
112
52
53
54
18
55
19
51
15
170
171
172
-1
EOF
