NAME : lhk.573513.tour
COMMENT : Length = 573513
COMMENT : Found by LKH [Keld Helsgaun] Fri Apr 10 17:25:19 2026
TYPE : TOUR
DIMENSION : 158
TOUR_SECTION
1
2
3
4
5
6
7
8
11
47
13
12
10
48
9
39
18
14
15
17
16
19
22
32
24
31
38
25
26
23
29
21
40
34
33
35
41
20
36
77
86
79
43
76
42
46
50
53
51
45
49
87
44
55
52
56
54
57
60
61
58
59
84
82
85
83
81
149
102
147
103
108
104
105
139
74
72
75
73
78
80
37
64
63
65
67
66
68
122
30
27
28
71
138
132
70
69
134
62
131
136
135
137
133
130
129
127
125
128
119
123
126
124
117
120
121
115
118
114
111
116
112
106
107
113
110
101
93
109
98
99
100
94
95
97
96
92
88
141
140
142
91
90
89
143
145
146
150
144
148
151
152
153
154
156
155
158
157
-1
EOF
