NAME : lhk.2229131.tour
COMMENT : Length = 2229131
COMMENT : Found by LKH [Keld Helsgaun] Sat May  2 14:06:59 2026
TYPE : TOUR
DIMENSION : 993
TOUR_SECTION
1
25
296
599
582
177
820
505
722
104
778
654
338
519
364
288
408
352
27
670
825
65
475
627
255
440
285
550
603
944
487
903
33
665
122
134
573
642
403
269
75
711
964
456
986
899
662
837
355
367
349
188
212
9
489
723
882
630
813
675
413
259
363
647
683
62
589
742
300
332
674
5
515
11
795
331
329
617
87
959
124
385
991
88
701
653
864
223
213
750
126
155
129
842
664
910
566
732
464
748
219
117
313
771
158
58
490
500
215
532
940
695
123
800
967
518
235
504
428
193
861
4
806
704
101
197
132
709
850
167
525
926
590
939
535
765
973
234
898
280
330
699
175
859
304
543
678
183
937
353
48
477
229
374
424
47
149
342
506
284
950
772
497
749
759
604
38
909
414
143
736
957
689
423
511
914
544
779
79
404
536
877
398
530
389
12
66
152
476
206
900
870
613
703
788
916
222
644
247
311
574
884
587
380
262
308
165
279
161
468
258
823
710
830
812
680
688
724
656
303
439
270
148
268
892
526
350
966
840
60
930
958
460
138
641
508
925
31
360
734
391
190
61
904
309
164
22
267
472
253
731
911
600
810
238
494
50
913
325
534
366
733
156
105
546
39
481
195
634
509
90
707
863
357
567
415
784
277
513
849
786
844
845
198
907
717
871
453
181
192
918
620
693
8
990
343
936
854
835
791
210
290
112
705
935
832
874
420
866
782
752
422
7
682
251
556
356
378
459
56
829
960
46
610
676
671
921
388
426
968
30
943
651
196
584
593
942
137
839
202
335
243
384
386
838
529
333
205
726
649
741
160
146
819
418
19
655
776
580
153
963
69
174
868
510
68
965
648
596
901
853
978
851
976
394
111
421
657
554
927
144
71
768
520
539
189
626
908
191
341
763
811
479
578
287
856
598
294
946
187
924
67
843
358
624
86
118
486
103
645
359
822
44
315
233
607
28
595
931
979
218
64
635
20
263
876
493
462
523
923
70
622
211
794
473
499
805
282
577
102
265
128
371
677
597
684
766
405
55
57
292
81
502
575
145
663
650
955
977
395
257
83
796
242
249
216
272
227
310
194
246
207
981
180
393
173
320
141
531
756
127
113
827
896
564
10
316
633
808
637
344
615
565
755
563
841
295
417
351
987
271
895
176
541
879
485
514
226
780
172
135
559
411
469
799
524
833
922
716
792
672
858
433
336
281
95
583
85
618
744
283
397
36
236
110
669
217
454
162
441
848
209
516
239
606
461
770
745
482
803
905
969
92
783
230
576
370
13
881
862
888
41
562
643
298
178
948
897
875
376
660
852
775
306
585
691
941
314
318
407
416
932
953
274
43
817
568
260
667
802
52
379
801
988
396
728
291
72
938
84
466
865
743
478
814
846
545
993
985
738
912
747
321
368
157
883
203
542
764
106
435
409
537
517
119
450
240
714
166
809
390
130
739
54
438
570
410
23
293
867
815
232
697
540
74
708
37
919
860
975
834
73
151
121
147
673
471
611
753
774
231
713
18
762
425
97
419
93
125
77
94
920
639
168
470
297
636
3
807
549
725
889
224
609
873
605
455
340
572
690
758
35
972
902
82
588
646
730
133
337
412
131
721
80
789
392
757
798
982
706
503
430
276
631
735
273
483
785
602
452
761
399
377
362
740
114
947
847
383
480
692
538
681
328
790
551
659
17
592
601
553
432
698
42
334
100
444
702
250
327
527
169
887
696
797
221
445
49
488
579
458
245
561
305
107
154
375
317
869
548
437
302
893
555
225
638
906
96
956
76
557
179
781
608
278
949
446
945
339
115
552
971
928
826
220
163
727
120
98
773
256
658
382
501
718
78
528
880
208
640
372
348
15
299
666
687
668
729
347
992
434
760
322
891
571
793
402
204
170
241
616
427
248
301
365
629
915
737
237
40
387
326
264
831
720
139
109
816
32
804
547
91
406
400
447
954
569
872
712
970
214
16
828
381
719
448
2
679
201
586
989
751
443
431
694
983
715
200
700
442
522
463
436
492
51
558
917
401
974
89
185
361
951
116
491
886
59
289
369
184
254
652
142
45
228
496
754
934
429
14
457
632
21
266
769
777
140
594
612
961
787
307
614
29
449
6
560
878
533
512
767
182
63
24
345
962
857
619
625
186
150
818
465
159
354
621
581
623
894
824
855
252
286
319
495
136
53
323
984
821
26
890
474
929
686
373
661
312
451
507
685
199
171
108
498
933
885
746
836
467
952
324
275
34
591
521
99
346
628
244
261
980
484
-1
EOF
