TOUR_SECTION
1
582
346
104
261
795
515
573
331
47
269
385
899
959
944
837
284
75
329
991
259
5
88
300
11
701
711
986
87
864
134
558
241
828
40
915
983
737
447
32
204
49
107
694
571
301
638
629
400
387
555
139
427
326
547
954
96
712
201
906
548
305
679
109
381
804
569
445
869
154
793
437
406
170
264
970
402
700
989
94
586
179
302
893
365
956
200
436
760
816
317
237
719
616
448
214
831
945
91
2
76
434
248
891
496
720
963
103
69
942
943
386
333
651
976
657
202
584
901
853
111
384
341
868
479
596
335
851
68
394
421
153
523
50
270
472
282
604
371
923
181
877
128
102
598
90
238
211
924
779
930
892
462
499
148
622
873
955
271
731
142
17
491
125
254
419
429
61
297
77
168
639
758
257
253
605
224
663
42
920
190
774
455
3
807
690
553
736
383
789
958
773
391
928
847
602
730
588
972
966
925
641
525
721
35
82
412
575
131
572
902
452
508
328
80
330
399
268
898
904
350
502
133
734
600
276
542
435
755
875
409
41
897
345
691
203
306
764
560
585
6
106
962
738
867
119
390
981
376
714
368
537
24
852
775
240
619
157
533
344
517
625
63
857
321
912
166
512
747
953
883
314
623
478
993
581
894
286
159
274
984
252
136
465
150
621
985
186
855
865
53
568
495
667
814
824
545
43
818
146
178
319
354
846
821
743
234
950
497
957
423
859
60
692
566
280
325
765
706
982
337
511
634
546
909
798
939
143
772
392
183
689
699
197
175
757
759
973
519
788
916
644
710
475
364
355
574
825
285
900
408
65
703
884
311
112
222
670
705
288
352
603
627
308
440
247
255
903
642
677
31
592
105
265
22
766
309
597
646
460
559
57
577
411
55
733
913
494
716
534
366
292
360
840
805
684
176
138
810
332
212
456
674
403
363
662
9
489
683
349
675
413
882
723
589
367
742
964
813
630
188
62
647
777
713
463
886
431
228
307
834
872
594
762
18
51
457
16
184
443
250
652
116
45
769
369
410
492
934
289
697
425
632
696
715
860
37
522
974
611
59
442
14
754
917
612
29
751
889
538
947
702
430
887
444
561
340
221
100
114
609
951
659
488
401
267
790
362
552
527
327
601
432
501
781
826
636
797
579
480
245
89
470
334
551
185
698
169
361
727
977
879
81
236
164
524
911
485
725
405
514
135
145
541
987
172
226
895
227
780
351
971
518
967
193
503
704
668
658
225
880
132
375
15
382
458
428
208
377
695
163
256
631
608
220
949
718
740
120
347
532
861
273
992
687
372
278
681
348
940
339
115
557
800
748
4
761
785
483
729
666
299
590
735
322
98
640
446
78
504
235
848
379
174
905
932
418
580
19
776
298
728
819
802
745
72
510
84
291
461
396
655
466
52
482
838
318
938
794
263
486
86
843
624
287
520
397
189
539
908
578
187
118
294
191
36
71
768
885
933
108
591
99
921
507
199
836
137
171
388
685
968
978
952
521
839
34
498
243
260
13
948
922
583
141
180
896
336
770
783
576
433
316
10
988
230
370
416
92
833
672
801
941
407
637
246
858
817
862
881
95
281
127
633
803
888
422
290
587
823
935
161
380
251
262
835
654
854
192
258
338
468
27
279
936
791
473
453
357
493
481
70
67
863
198
513
918
64
907
567
845
195
876
849
844
277
693
990
871
717
343
946
156
324
607
233
196
610
645
275
676
593
30
927
358
315
746
144
671
554
426
467
550
415
812
680
398
476
66
39
149
303
724
830
477
914
656
620
664
707
152
509
389
487
404
536
784
530
12
665
38
126
544
526
439
870
749
688
8
33
414
79
122
206
613
811
618
209
283
110
626
648
744
441
763
799
162
965
606
217
85
856
969
113
469
792
454
669
239
516
782
356
682
378
931
960
832
56
7
635
820
420
44
218
866
829
786
459
979
556
20
165
359
752
210
595
822
46
874
28
563
841
249
395
438
417
531
643
650
293
130
242
615
562
194
827
295
216
808
660
320
756
565
540
83
815
564
673
796
73
97
739
614
266
961
74
93
147
393
23
570
310
975
471
708
54
231
450
919
272
232
809
182
549
173
121
207
21
767
787
151
140
449
753
878
653
313
464
124
58
500
506
129
155
167
709
543
678
910
771
937
528
158
806
617
215
926
117
750
353
223
732
219
374
101
490
123
535
842
342
424
304
850
48
213
229
474
929
451
312
649
890
26
661
160
726
205
323
741
686
373
529
628
177
722
505
25
296
778
980
599
484
244
-1
EOF
