NAME : lhk.688988.tour
COMMENT : Length = 688988
COMMENT : Found by LKH [Keld Helsgaun] Sun May 24 22:50:19 2026
TYPE : TOUR
DIMENSION : 176
TOUR_SECTION
1
2
5
3
4
6
49
46
48
47
87
86
85
84
83
79
81
82
93
89
80
90
14
15
94
10
88
92
91
45
7
172
8
9
169
11
12
16
17
22
19
18
25
24
23
75
78
77
76
74
27
72
70
71
67
73
69
68
65
66
31
32
34
30
64
62
63
61
60
57
58
59
96
97
101
56
107
55
109
110
156
157
111
105
108
114
103
106
112
104
102
144
145
115
116
117
113
118
120
121
122
123
128
127
139
129
130
131
140
124
125
126
119
151
142
147
141
137
138
133
135
164
163
150
160
136
149
143
152
148
146
154
155
153
159
158
99
53
20
52
43
51
162
40
42
37
54
100
36
98
35
33
21
38
29
26
28
39
41
95
44
50
161
168
13
165
170
167
132
134
173
171
166
174
175
176
-1
EOF
