NAME : lhk.1172354.tour
COMMENT : Length = 1172354
COMMENT : Found by LKH [Keld Helsgaun] Fri Jun 12 20:24:40 2026
TYPE : TOUR
DIMENSION : 133
TOUR_SECTION
1
15
14
13
12
11
10
9
8
7
6
5
4
75
76
77
78
79
81
82
80
84
85
83
86
88
87
89
90
74
91
92
97
73
93
96
94
95
72
71
70
68
69
67
66
65
64
63
62
61
59
60
58
57
56
55
54
53
52
51
21
22
24
25
26
43
23
44
45
46
47
48
50
49
27
131
28
29
133
30
31
32
33
34
35
36
37
38
39
40
41
42
115
116
114
113
112
111
110
109
108
107
106
105
104
103
102
100
101
99
98
3
2
117
118
119
120
121
123
122
124
125
127
126
128
129
130
132
20
19
18
17
16
-1
EOF
