NAME : lhk.598671.tour
COMMENT : Length = 598671
COMMENT : Found by LKH [Keld Helsgaun] Fri Apr 10 18:07:40 2026
TYPE : TOUR
DIMENSION : 146
TOUR_SECTION
1
2
146
3
145
139
138
137
144
140
136
141
142
4
10
5
6
7
9
8
129
131
128
126
127
125
11
120
118
121
119
78
77
73
76
75
115
116
71
74
117
70
72
67
69
65
63
68
114
64
66
53
62
112
59
60
61
58
57
113
54
55
56
81
107
41
106
31
38
110
109
108
111
17
16
14
13
15
18
22
19
20
21
23
24
25
99
29
30
26
35
33
32
28
27
40
45
42
43
37
39
36
46
44
47
105
82
143
104
52
48
12
51
79
80
50
49
122
123
124
83
133
130
134
132
86
84
135
103
87
88
85
92
91
90
89
93
94
95
96
34
97
98
100
101
102
-1
EOF
