NAME : lhk.2273263.tour
COMMENT : Length = 2273263
COMMENT : Found by LKH [Keld Helsgaun] Sun May 24 22:56:36 2026
TYPE : TOUR
DIMENSION : 993
TOUR_SECTION
1
25
722
778
599
104
177
505
960
820
582
832
556
420
296
782
7
44
28
822
356
829
359
595
118
378
676
635
931
459
64
979
874
786
56
866
251
752
290
935
20
165
192
835
422
587
161
823
705
788
122
308
65
916
285
408
247
574
262
884
710
258
338
288
27
654
468
112
311
519
670
364
352
440
903
644
703
627
662
367
255
9
900
475
134
589
413
837
674
259
675
300
403
212
349
489
630
882
813
647
723
683
62
363
742
332
711
795
5
456
75
188
899
964
87
284
959
47
129
500
329
385
331
653
213
506
223
771
183
464
991
497
126
424
124
143
664
665
439
986
642
573
88
864
66
515
269
701
222
355
603
825
206
830
870
279
380
487
613
152
680
550
944
33
617
229
398
12
526
536
699
909
404
604
656
724
937
759
772
543
798
149
11
477
939
155
709
58
566
859
280
957
546
234
423
79
634
476
544
138
757
898
90
706
904
641
930
734
840
766
877
31
684
689
892
60
511
148
688
50
779
156
462
303
736
914
392
270
990
620
414
509
39
38
415
749
343
195
924
567
238
181
717
105
923
128
913
211
371
494
534
268
677
733
472
411
716
265
236
622
792
799
987
282
469
516
598
633
969
92
559
744
55
597
57
366
22
405
895
524
110
810
351
911
485
176
577
164
360
646
780
172
383
879
80
789
502
902
328
690
330
600
538
731
588
889
572
605
951
727
470
444
503
702
956
430
826
163
797
575
120
362
488
928
681
361
557
458
322
504
695
785
372
375
4
518
131
220
339
483
399
527
553
659
773
601
193
169
972
925
982
412
35
636
847
592
958
508
452
325
350
273
966
132
267
82
740
197
880
114
347
377
235
735
761
219
101
748
971
765
337
590
115
525
631
950
973
704
175
353
806
926
692
304
374
123
167
732
842
158
313
342
490
850
117
215
528
535
910
750
678
382
532
718
348
48
940
225
800
256
967
658
428
15
781
949
278
668
98
608
91
326
666
571
640
78
687
555
299
208
264
831
586
954
402
448
793
983
446
638
427
76
891
945
179
109
170
401
992
729
302
861
400
501
720
887
447
241
204
760
906
616
629
365
694
737
679
548
558
139
200
915
94
547
719
301
317
434
970
445
552
327
32
96
700
893
334
184
437
696
49
245
561
480
609
432
254
3
42
276
185
673
455
947
873
602
955
721
133
730
391
460
663
725
81
292
309
758
221
698
227
224
253
271
977
551
615
125
774
142
17
231
100
807
168
190
59
297
491
429
762
250
790
289
51
917
425
340
369
387
89
579
886
121
639
632
754
834
419
45
228
14
154
860
307
934
804
2
443
816
496
463
16
248
713
305
777
237
492
751
712
828
406
107
40
569
869
989
201
214
381
872
436
410
715
116
594
442
974
522
18
29
612
37
23
151
697
182
769
21
652
961
140
739
54
73
431
417
708
240
809
611
457
232
919
920
74
767
395
166
147
549
753
975
97
878
393
614
207
310
471
650
295
272
438
540
796
787
77
257
242
93
61
514
293
216
407
127
130
815
747
897
643
764
344
320
194
173
738
981
560
775
106
266
537
867
570
875
449
517
542
883
6
409
714
390
63
306
660
993
178
246
157
435
953
345
962
314
450
533
625
512
857
376
24
912
465
985
623
545
824
984
354
159
495
53
621
150
136
581
894
821
855
929
26
686
323
890
474
726
160
814
743
286
745
667
466
776
84
482
298
146
905
68
318
963
396
802
672
888
858
336
180
932
41
370
368
619
43
478
938
319
585
186
846
818
274
252
755
416
379
568
119
817
691
576
260
203
852
281
948
95
637
321
862
531
896
316
145
827
10
564
803
856
922
841
565
562
83
541
249
808
563
941
756
805
135
226
783
141
283
770
433
510
833
230
881
848
13
19
801
209
988
583
341
618
113
606
763
648
441
191
669
69
111
965
580
626
596
868
174
291
394
479
461
838
52
655
72
728
865
819
649
312
741
418
333
529
205
661
373
451
507
978
498
885
243
952
108
384
171
202
685
153
901
976
651
853
386
388
71
921
839
137
199
851
657
426
335
942
103
578
294
768
927
421
36
287
102
794
239
454
217
189
493
811
397
624
473
85
86
539
70
871
908
843
844
499
946
263
520
162
453
876
513
707
67
277
918
357
693
8
523
784
389
863
481
812
791
198
210
530
936
682
845
854
849
907
187
315
218
645
358
607
233
144
943
554
324
486
584
46
671
196
467
610
746
275
30
933
968
836
591
593
521
34
346
99
628
244
261
484
980
-1
EOF
