TOUR_SECTION
1
980
505
628
296
820
244
484
599
960
25
778
261
177
722
552
887
444
334
609
327
758
267
790
826
551
579
889
636
432
698
727
114
797
947
169
561
527
185
221
951
601
501
659
702
538
362
100
340
480
488
430
492
594
37
612
410
769
442
522
457
16
228
45
116
307
632
872
697
463
754
777
21
611
715
934
14
431
652
29
762
973
175
101
304
806
653
937
183
464
353
842
342
543
374
535
566
490
58
155
750
497
910
223
678
506
253
271
224
125
42
731
639
955
61
774
17
807
254
190
257
605
429
920
615
227
690
242
297
168
841
650
455
293
663
142
3
873
465
354
274
146
178
726
323
581
495
814
466
894
252
319
568
545
865
743
286
821
824
818
159
984
53
136
846
890
929
623
985
993
474
621
855
43
150
667
478
160
624
849
513
871
567
520
453
156
64
263
924
863
717
918
493
473
844
67
499
845
876
357
102
277
70
946
198
907
195
343
187
613
603
279
440
642
788
830
825
285
837
355
475
944
662
703
487
122
900
903
644
550
916
66
870
206
710
308
269
222
255
174
217
768
68
596
189
606
283
209
421
669
578
287
811
162
651
516
36
648
657
744
85
618
792
239
397
103
69
799
794
965
479
943
441
294
969
341
191
86
394
486
469
626
539
763
454
908
71
459
671
645
218
635
595
979
931
676
378
829
233
144
315
782
44
356
927
822
467
46
607
843
359
358
118
324
813
723
683
589
674
675
75
332
134
630
882
367
300
899
964
515
188
711
489
259
212
456
795
403
742
363
87
5
573
647
413
62
349
556
192
935
791
251
866
832
28
210
936
290
835
874
854
258
752
165
468
420
20
161
422
7
682
587
786
56
767
450
975
417
673
182
74
93
549
231
739
395
438
796
449
787
570
232
23
878
173
540
471
266
809
97
147
121
272
54
140
73
393
961
151
207
310
390
753
708
919
130
614
77
89
470
245
51
491
289
369
696
250
443
419
184
917
496
834
860
94
361
18
425
59
886
713
329
47
772
771
950
33
385
149
331
126
213
124
229
959
701
477
864
617
424
664
986
88
991
79
313
284
732
11
500
143
452
759
957
234
60
392
511
757
699
325
982
337
546
909
736
939
706
692
423
798
689
859
634
280
941
416
862
565
145
564
563
808
249
407
896
803
180
660
756
351
531
83
827
541
216
987
977
562
922
514
194
320
295
637
246
643
127
141
48
215
235
532
167
219
158
709
850
926
528
123
129
117
610
388
34
521
137
507
978
243
885
108
685
554
335
426
968
952
942
593
275
591
839
584
99
746
196
921
498
851
933
836
171
199
30
226
411
733
366
577
292
559
485
879
265
172
135
22
725
805
856
684
895
164
55
716
105
176
309
766
460
780
236
911
524
677
405
597
81
57
840
181
128
462
877
604
90
622
923
270
371
211
779
810
930
913
238
472
282
892
31
494
534
50
598
523
148
687
225
518
446
382
668
666
348
967
428
735
15
940
256
718
278
640
658
78
608
299
800
208
695
372
816
638
317
445
447
915
154
2
558
694
400
954
548
629
448
365
700
720
387
970
248
719
109
737
983
402
301
96
793
302
170
804
264
770
336
576
396
988
783
802
888
316
281
230
318
858
13
113
817
583
510
10
379
672
633
881
801
298
433
905
110
461
260
19
92
932
370
848
95
833
815
203
533
867
512
883
24
875
852
435
747
764
775
542
619
314
376
186
166
948
857
738
106
981
517
953
755
962
714
157
306
345
41
560
344
585
537
119
63
321
368
691
625
897
240
6
409
912
751
305
586
40
201
569
214
869
828
200
237
436
406
974
679
107
139
712
381
989
35
904
383
391
502
588
721
330
360
734
553
730
508
350
276
592
902
925
928
133
958
268
575
898
789
602
572
972
847
641
600
966
646
80
328
138
724
620
680
526
414
990
656
39
152
476
784
439
914
415
544
707
536
530
303
693
688
389
12
404
481
509
749
38
665
398
812
8
408
112
380
574
262
247
823
352
27
311
670
627
338
519
288
884
705
65
9
654
364
681
748
115
120
163
590
401
631
273
971
132
740
949
412
483
197
339
761
765
131
377
503
193
399
220
704
504
785
82
880
773
4
98
525
868
529
819
838
655
776
661
853
84
333
745
649
741
451
52
901
26
373
976
291
205
72
963
153
580
728
686
202
384
938
386
111
418
482
312
437
616
204
458
891
831
557
992
76
434
326
781
571
375
91
861
322
555
945
347
241
547
427
729
760
906
179
32
956
49
893
582
346
104
-1
EOF
