NAME : lhk.741577.tour
COMMENT : Length = 741577
COMMENT : Found by LKH [Keld Helsgaun] Mon May 25 14:13:44 2026
TYPE : TOUR
DIMENSION : 155
TOUR_SECTION
1
2
3
4
5
6
7
8
9
10
11
12
13
14
15
16
17
18
19
20
21
30
31
32
33
34
35
36
37
38
39
40
46
45
41
42
43
44
47
48
49
50
54
51
52
53
55
56
25
57
78
58
59
61
60
62
63
64
67
66
65
68
69
70
72
71
73
74
76
75
29
77
80
79
26
28
81
82
83
84
85
27
86
87
88
90
89
91
92
94
93
95
96
97
98
99
100
101
102
103
104
105
106
107
110
109
108
111
112
113
114
115
116
117
118
119
120
121
122
123
124
125
126
127
128
129
130
132
133
134
131
135
136
137
138
140
139
141
142
23
22
24
143
145
144
146
147
148
150
149
151
152
153
154
155
-1
EOF
