NAME : lhk.577512.tour
COMMENT : Length = 577512
COMMENT : Found by LKH [Keld Helsgaun] Fri Jun 12 17:47:09 2026
TYPE : TOUR
DIMENSION : 130
TOUR_SECTION
1
2
3
4
5
6
7
9
10
30
11
14
13
12
15
17
20
18
19
16
120
21
38
39
42
22
37
45
36
43
53
50
48
52
49
51
35
46
55
33
54
34
25
26
27
29
28
31
8
64
63
67
66
65
68
69
70
71
72
74
75
73
77
76
78
83
58
59
60
57
61
62
32
79
80
81
56
84
85
82
86
87
88
91
90
24
23
93
96
92
98
94
89
97
95
99
104
44
41
40
100
101
47
103
102
105
106
107
108
109
110
112
111
113
114
115
116
117
118
119
121
126
127
123
122
124
125
128
130
129
-1
EOF
