NAME : lhk.834265.tour
COMMENT : Length = 834265
COMMENT : Found by LKH [Keld Helsgaun] Fri Jun 12 21:47:01 2026
TYPE : TOUR
DIMENSION : 164
TOUR_SECTION
1
2
3
4
5
6
7
8
9
10
11
144
13
12
14
15
16
17
18
19
20
21
22
23
24
25
26
27
29
30
77
98
97
96
95
94
92
93
91
90
88
89
87
99
86
84
85
42
83
82
81
80
79
28
76
73
74
72
71
78
70
69
68
67
66
65
64
63
61
60
59
58
57
56
55
53
54
52
51
33
34
32
50
159
49
47
48
46
75
45
104
44
102
101
103
31
37
35
117
161
39
100
105
108
107
110
43
113
114
111
115
36
121
122
123
125
124
127
126
128
129
130
131
132
133
119
118
120
116
134
41
138
137
135
136
112
141
40
106
38
142
140
139
143
146
147
148
145
149
150
151
152
154
153
155
156
157
160
62
158
162
109
163
164
-1
EOF
