NAME : lhk.2269557.tour
COMMENT : Length = 2269557
COMMENT : Found by LKH [Keld Helsgaun] Sat May  2 14:06:59 2026
TYPE : TOUR
DIMENSION : 993
TOUR_SECTION
1
591
836
746
34
521
99
346
628
980
484
244
261
296
177
722
104
778
519
670
352
255
408
9
489
825
944
903
440
475
662
644
711
674
349
367
332
630
363
813
675
882
723
683
62
403
212
188
647
456
899
87
300
795
5
589
75
259
742
986
964
413
573
500
515
771
284
88
134
269
603
710
900
837
122
66
830
703
285
870
126
222
487
389
161
688
707
523
918
567
422
665
195
689
270
265
148
634
536
892
414
497
481
39
749
784
152
439
415
680
544
812
656
724
939
701
991
613
617
424
385
33
477
129
959
11
329
331
374
864
798
223
229
653
206
12
950
124
175
38
404
914
476
909
664
325
183
149
50
877
957
734
902
730
511
604
526
268
597
546
810
588
898
641
789
646
494
509
913
423
779
620
90
303
577
371
923
534
462
460
181
473
924
156
263
513
622
766
211
55
844
102
799
598
67
357
343
282
624
453
397
520
486
965
191
294
189
118
626
907
943
144
86
811
287
927
768
394
908
479
851
596
103
584
69
335
426
839
657
853
651
174
384
341
963
111
976
418
838
316
868
905
801
728
153
606
239
454
539
36
794
68
763
744
792
669
510
461
441
516
283
469
969
618
187
780
648
85
578
162
805
684
559
485
524
977
226
690
904
733
716
57
292
366
176
411
238
757
840
105
350
502
472
128
391
966
22
31
600
405
592
267
930
958
721
383
360
328
508
80
889
553
972
412
60
138
928
873
575
452
702
480
145
615
81
955
309
295
841
663
227
257
879
125
271
807
151
254
334
242
673
579
74
947
190
224
425
758
796
457
860
491
77
184
917
429
97
361
59
558
713
696
326
2
470
179
458
362
245
17
432
185
636
956
169
434
797
437
609
193
339
163
221
572
89
887
444
419
430
790
951
3
455
42
253
727
731
601
100
538
698
773
327
525
527
488
982
847
35
399
503
330
765
353
276
706
631
659
131
925
115
82
826
273
114
401
602
668
197
132
971
220
687
785
658
506
740
377
761
681
748
464
718
926
518
348
532
910
219
528
709
490
58
47
304
678
937
973
566
234
535
859
736
133
398
392
280
692
772
143
732
759
699
590
155
79
806
543
337
342
313
842
101
750
48
213
158
117
235
167
215
123
850
735
967
608
616
78
800
695
208
256
120
483
704
98
372
278
428
322
547
880
816
375
4
504
893
340
861
551
18
302
804
400
248
496
640
501
552
557
729
241
571
781
347
940
299
170
382
555
427
15
831
301
91
945
204
76
992
225
760
694
720
96
638
666
446
891
561
949
548
906
139
447
629
737
970
402
387
264
317
32
954
869
586
381
448
40
107
828
406
989
305
214
569
700
679
983
793
915
49
445
719
200
154
94
14
436
974
109
365
237
751
463
116
697
443
934
228
594
834
611
715
712
201
872
21
777
16
632
522
492
612
369
289
37
307
442
431
410
754
652
250
886
51
29
45
121
787
762
769
919
639
142
93
774
54
570
73
549
753
140
266
614
961
878
106
560
182
767
450
23
376
739
809
708
714
438
232
393
168
297
920
941
815
272
293
803
127
173
351
231
808
514
194
417
563
725
987
83
911
395
564
61
605
541
216
172
135
643
164
677
499
236
756
633
217
858
565
783
336
895
113
896
583
92
407
827
660
562
321
650
130
147
540
310
637
449
867
207
344
240
471
533
537
390
517
747
948
409
531
862
180
246
881
775
922
230
370
848
249
770
433
856
110
209
988
10
833
95
691
396
576
824
802
379
318
482
72
655
52
745
298
819
84
291
146
19
274
621
354
623
178
993
738
545
897
43
119
912
568
63
281
478
818
672
817
932
141
186
416
13
41
953
260
320
852
24
755
345
985
157
368
888
512
619
203
764
962
625
981
435
875
166
6
306
975
857
542
883
53
585
314
286
465
466
855
667
865
160
894
846
581
252
319
150
984
821
136
929
474
743
159
686
890
814
323
776
938
726
495
649
205
741
333
386
202
901
580
529
421
243
507
685
978
451
312
26
373
661
498
171
885
952
108
199
137
388
196
968
921
593
275
933
942
671
554
843
71
610
645
324
233
467
607
30
676
822
832
782
46
44
595
979
876
358
315
218
635
277
990
936
849
946
530
8
717
863
791
258
935
380
835
874
468
112
279
247
854
884
550
27
788
308
355
65
642
916
627
311
574
364
823
288
705
338
654
420
290
752
165
829
693
262
198
64
192
871
931
587
251
459
70
493
20
682
845
356
378
359
28
786
866
556
210
56
582
7
960
820
25
505
599
-1
EOF
