TOUR_SECTION
1
484
778
244
177
346
599
722
296
25
255
916
308
903
262
823
311
338
355
835
788
574
644
935
825
710
364
222
670
408
65
380
288
627
440
705
27
352
900
161
654
468
603
112
884
519
285
279
703
247
941
562
194
660
564
827
514
803
249
127
83
896
565
216
756
563
637
643
808
407
320
295
531
271
650
429
920
242
257
873
690
227
297
955
61
663
841
3
615
142
807
125
774
254
455
253
190
639
168
17
224
293
365
989
154
828
305
200
447
402
301
445
712
586
694
970
638
448
2
400
629
548
107
719
170
214
793
406
317
983
915
569
700
869
720
679
264
804
302
816
381
109
737
96
248
954
40
372
78
971
532
483
704
940
82
880
428
382
525
631
15
949
377
220
235
132
4
735
115
590
800
926
120
678
339
278
748
348
785
761
197
193
718
131
666
273
518
967
740
98
256
772
536
664
509
415
688
530
389
870
798
404
550
812
476
914
122
680
152
613
544
303
487
497
439
665
724
149
38
33
12
749
620
414
66
950
477
39
656
526
398
830
126
206
909
79
457
442
762
715
492
522
29
594
632
611
37
697
307
410
769
872
652
21
612
431
45
649
451
726
26
661
333
160
205
373
741
686
418
529
819
474
323
312
890
8
258
990
481
849
523
453
181
513
854
936
473
863
877
567
784
198
693
422
343
70
707
946
918
192
195
156
587
357
791
277
434
861
557
225
427
555
640
347
204
322
760
956
658
695
616
906
299
608
91
437
208
241
893
179
446
945
326
458
32
891
668
992
571
687
729
76
375
547
831
604
733
923
270
238
55
128
148
930
282
265
622
31
268
462
779
646
211
892
913
494
138
534
105
766
50
840
90
371
810
472
577
765
773
566
957
692
383
511
423
452
973
330
982
234
898
699
60
902
730
80
706
392
325
143
634
508
759
859
35
641
939
337
689
280
736
546
175
757
298
286
865
985
993
824
84
938
814
621
846
466
43
72
53
818
178
274
568
465
478
776
146
482
623
545
834
551
886
917
59
250
77
887
89
425
419
860
496
42
432
94
245
579
696
51
470
609
334
758
491
361
369
698
289
345
953
63
585
533
186
203
981
897
912
512
24
619
625
883
517
857
775
542
738
435
368
314
962
624
493
965
908
486
86
844
71
794
843
102
397
598
520
162
744
189
811
118
187
539
85
792
578
283
217
924
36
499
263
626
294
287
799
510
969
770
583
461
922
113
316
618
801
633
783
454
95
858
848
433
669
209
833
92
988
987
763
856
110
516
441
469
10
672
606
681
488
781
659
169
401
826
951
430
797
480
552
114
504
702
49
399
340
501
362
185
221
444
163
947
327
503
727
561
655
648
657
976
479
651
384
421
335
963
153
580
942
943
52
838
394
202
901
291
745
853
174
191
596
69
239
728
68
768
868
341
386
905
111
103
489
212
742
300
723
711
899
403
269
647
456
134
475
630
674
944
837
413
589
87
367
882
662
642
573
964
259
363
795
9
675
515
683
349
188
813
5
75
332
62
960
28
717
56
845
420
782
210
907
67
251
218
459
645
378
874
871
359
876
44
822
832
595
829
931
165
607
7
556
979
46
20
290
356
64
315
752
358
820
682
866
676
635
786
713
754
777
974
184
751
934
443
436
228
463
16
14
558
116
139
201
237
387
18
572
721
100
605
847
600
789
412
734
328
592
904
925
276
588
575
538
502
360
601
928
553
602
391
731
889
966
267
636
790
527
133
350
972
958
560
207
306
376
6
747
767
130
310
867
390
438
764
54
570
321
417
875
157
540
450
409
166
714
240
344
537
815
182
106
150
855
136
495
743
252
159
821
894
667
581
929
319
984
354
281
19
260
755
881
691
817
948
336
852
932
230
416
119
141
318
379
246
862
370
180
396
576
802
888
41
13
610
927
426
921
591
839
885
243
99
933
34
30
685
851
978
199
144
593
671
746
584
171
233
467
137
498
968
836
108
388
554
324
275
521
507
952
196
617
58
709
229
732
129
284
464
155
771
123
47
986
117
183
506
223
490
313
88
701
653
424
48
353
959
991
219
167
215
842
937
101
329
342
535
11
213
304
750
864
850
500
543
124
385
374
331
528
910
806
158
677
541
57
460
135
226
145
176
405
366
716
895
81
292
684
725
164
780
236
485
309
559
411
22
524
911
805
597
977
172
351
879
231
471
809
796
272
753
73
232
975
708
393
97
173
739
787
878
449
673
961
140
919
151
23
266
147
549
93
395
614
121
74
628
582
261
104
505
980
-1
EOF
