NAME : lhk.568873.tour
COMMENT : Length = 568873
COMMENT : Found by LKH [Keld Helsgaun] Fri Apr 10 18:46:57 2026
TYPE : TOUR
DIMENSION : 132
TOUR_SECTION
1
2
4
3
5
7
6
9
37
8
38
43
42
41
39
40
49
45
46
47
51
30
53
52
57
54
77
56
55
76
78
79
75
73
71
74
69
70
80
68
67
72
64
65
60
61
62
90
86
84
87
66
63
129
85
88
83
89
91
92
102
93
128
82
127
126
81
123
125
124
119
120
122
118
121
109
116
114
108
115
117
113
111
112
107
16
20
130
105
103
106
104
19
17
96
97
101
98
100
99
36
18
95
59
94
26
58
48
35
34
50
31
44
33
32
29
24
28
25
27
21
22
23
10
15
110
14
13
11
12
131
132
-1
EOF
