NAME : lhk.2215260.tour
COMMENT : Length = 2215260
COMMENT : Found by LKH [Keld Helsgaun] Fri Jun 12 17:42:38 2026
TYPE : TOUR
DIMENSION : 993
TOUR_SECTION
1
261
244
628
346
484
980
104
519
352
408
884
288
364
670
9
367
440
212
882
813
630
489
683
675
589
723
900
349
255
705
574
644
247
627
308
285
475
703
403
662
269
711
903
642
742
332
413
647
674
62
363
188
795
259
75
300
964
5
456
313
87
500
986
33
515
944
206
573
771
134
617
11
759
129
864
223
229
183
535
859
48
155
424
910
653
732
991
88
950
124
47
374
959
899
329
709
123
385
117
158
219
850
235
967
382
608
427
204
170
793
658
737
518
91
446
448
301
428
326
729
616
992
555
32
179
437
548
781
893
139
154
347
804
713
241
432
956
76
694
302
561
185
949
727
94
317
334
400
245
45
872
797
696
609
387
254
305
886
754
934
51
712
974
463
720
558
700
425
443
237
569
402
447
96
116
828
751
201
436
248
214
906
40
970
365
954
915
109
586
816
917
322
2
49
200
571
445
434
638
547
679
629
945
989
406
264
107
869
381
777
457
594
37
652
14
442
228
522
18
184
16
611
697
410
74
21
431
769
632
961
762
715
975
29
73
140
266
182
767
875
306
739
542
962
533
883
344
517
63
953
817
537
416
852
625
512
345
106
619
912
985
857
24
738
993
319
150
354
984
581
821
495
252
159
478
818
43
621
775
435
186
465
203
119
981
368
691
932
314
846
178
568
545
585
53
743
865
274
824
281
246
888
833
881
672
52
948
482
72
230
618
113
10
514
783
336
803
531
180
576
41
13
260
409
747
127
897
755
562
862
321
320
207
941
564
764
376
920
141
841
867
774
231
471
310
491
390
639
272
449
560
614
130
293
97
6
157
166
714
753
54
147
570
173
549
307
612
142
232
787
121
93
59
492
289
393
809
860
834
496
395
250
605
77
470
42
361
89
125
955
444
889
458
947
430
503
163
551
861
887
527
951
702
327
169
826
790
601
100
553
971
898
197
133
765
399
278
131
98
362
740
220
132
483
566
353
339
497
761
773
175
806
937
940
800
4
525
695
377
480
82
631
115
120
114
687
193
375
225
640
880
348
590
666
273
299
208
504
681
221
785
552
401
340
983
719
557
831
256
760
15
891
748
926
78
372
735
532
718
668
304
167
528
342
331
750
215
284
842
58
490
101
464
798
213
699
973
704
337
35
325
692
602
506
678
508
966
972
706
330
501
276
982
957
689
494
383
902
267
350
588
391
600
930
80
892
925
511
280
736
60
546
634
502
90
904
234
721
604
914
477
392
509
423
909
543
536
270
724
452
143
79
476
656
149
404
701
772
487
830
664
544
12
66
126
665
680
939
439
38
749
757
303
789
211
371
620
152
415
414
39
8
181
192
707
688
877
481
788
550
398
812
530
854
837
613
389
870
279
355
603
65
916
222
27
122
710
338
112
262
835
825
161
936
990
784
863
251
258
453
277
468
791
357
422
156
238
923
567
513
693
918
499
55
195
622
924
965
598
102
265
22
879
913
292
572
411
810
766
534
343
128
473
523
577
50
779
526
148
462
282
31
840
730
138
268
958
309
731
646
81
716
524
226
663
190
405
92
164
684
351
565
615
216
57
911
460
873
977
297
366
725
172
734
360
592
412
641
690
455
758
488
847
636
328
928
224
168
419
579
369
253
227
698
17
919
659
145
575
271
673
257
538
61
23
796
708
878
540
3
807
429
151
450
242
650
827
438
541
417
563
194
756
987
660
295
407
240
637
896
370
770
815
583
83
396
856
433
922
633
858
780
643
808
249
805
95
597
135
485
677
176
733
895
105
559
799
454
969
236
606
578
217
648
162
294
441
794
844
85
520
843
86
144
69
118
189
539
584
36
657
421
137
202
853
768
728
811
335
397
943
908
111
103
287
68
669
868
174
394
110
316
283
651
291
744
479
626
486
516
792
801
469
596
763
988
209
461
341
848
239
510
19
745
905
655
379
318
298
802
819
580
333
384
84
901
838
976
153
963
386
312
529
890
938
160
741
814
776
418
286
466
623
136
146
855
323
894
929
667
726
474
686
26
649
205
373
498
451
661
243
507
108
171
968
196
593
978
388
851
426
942
199
191
71
927
467
746
44
554
671
30
324
921
885
233
685
521
933
952
839
275
836
99
591
34
610
378
315
46
359
645
907
676
358
263
717
595
218
946
624
187
871
70
493
472
849
64
845
356
876
979
210
198
459
20
67
931
607
829
782
786
290
866
682
635
380
752
587
823
935
165
311
420
654
296
582
28
25
820
56
874
556
832
7
822
599
778
960
177
722
505
-1
EOF
