TOUR_SECTION
1
104
628
722
980
244
778
25
484
177
599
505
255
440
670
468
364
288
654
884
603
627
574
644
65
247
710
380
916
161
519
823
408
279
285
355
705
703
788
262
903
352
835
112
825
311
935
338
308
900
222
27
194
896
216
562
660
295
249
564
637
756
320
563
808
83
827
643
407
514
127
803
531
941
565
254
190
61
455
242
253
17
125
271
920
142
297
663
615
429
224
639
955
257
168
227
841
3
807
690
650
774
293
873
445
989
317
828
694
970
983
214
2
816
109
448
264
720
365
869
200
586
638
737
40
954
712
793
402
381
302
154
915
804
107
447
569
301
305
700
629
170
400
406
96
248
548
679
719
372
273
193
967
428
82
525
235
15
971
532
120
483
220
4
800
735
377
256
748
631
590
666
339
785
197
382
518
348
718
949
761
940
704
926
131
740
115
98
78
678
880
132
278
688
665
749
798
39
950
398
389
550
772
415
66
79
656
812
613
126
122
497
870
477
830
38
476
536
149
303
414
544
680
526
530
152
509
724
12
909
914
33
439
206
620
664
487
404
872
457
522
492
410
612
594
442
762
431
21
632
697
652
769
715
45
29
611
307
37
312
26
451
890
661
726
205
686
474
529
323
373
160
333
418
741
649
819
343
70
481
946
849
422
195
192
523
587
156
918
791
877
277
936
513
863
258
8
567
693
784
473
357
990
181
854
453
707
198
695
326
945
208
992
555
668
687
347
322
906
437
658
32
571
225
91
299
616
204
729
434
891
956
608
427
446
557
861
458
640
547
241
375
831
893
179
760
76
270
622
892
90
604
265
913
472
55
268
646
462
577
733
534
766
810
31
211
138
128
840
50
148
371
923
105
238
494
779
930
282
80
634
859
939
982
765
280
508
175
689
566
730
383
452
773
757
392
736
699
143
692
330
641
546
957
898
511
234
35
706
759
325
902
337
60
423
973
84
482
466
43
993
286
865
298
776
53
545
814
465
478
824
274
178
72
846
938
621
818
568
146
623
985
94
289
51
887
470
425
369
609
917
579
698
419
696
334
42
361
77
59
491
432
496
89
834
758
860
250
245
886
551
24
857
585
962
619
345
203
953
883
542
897
517
738
63
314
912
625
186
775
981
368
435
512
533
71
263
598
36
811
626
189
85
792
187
486
397
624
283
744
493
499
539
294
965
102
520
924
908
799
843
86
578
287
844
118
162
794
217
454
770
209
618
110
469
669
510
113
606
461
92
833
783
633
516
988
922
10
858
763
848
969
801
672
856
583
316
441
987
95
433
114
49
444
702
503
951
340
362
826
480
504
727
947
561
163
488
169
401
327
659
501
681
221
552
797
399
781
185
430
68
421
479
191
943
153
291
838
384
648
853
745
976
103
111
174
942
963
768
394
580
655
657
905
728
386
596
239
52
341
335
202
868
901
69
651
944
674
683
62
212
403
269
9
75
675
413
882
573
300
475
456
589
899
642
489
647
87
332
630
5
188
367
837
662
964
349
813
795
363
711
259
723
742
134
515
931
56
829
46
874
676
782
752
845
359
866
64
67
607
876
960
358
871
290
459
786
907
218
251
822
210
356
7
645
20
315
556
979
378
717
635
28
832
820
420
595
44
682
165
777
228
184
713
974
463
934
116
18
443
237
14
436
139
16
754
558
387
751
201
553
360
958
731
391
789
889
592
502
847
276
636
588
734
412
925
328
527
972
928
100
721
350
602
267
572
601
600
575
966
133
790
605
538
904
157
409
438
450
6
207
764
747
560
875
537
714
182
54
390
417
306
321
310
570
867
815
166
376
106
767
130
540
240
344
667
495
150
855
743
354
252
894
581
136
319
929
159
821
984
318
755
817
41
370
862
852
336
281
180
230
576
13
396
691
881
260
379
19
802
416
932
246
119
888
141
948
978
233
275
426
671
851
324
968
933
137
243
521
591
885
554
610
839
507
30
388
836
467
927
196
34
685
584
952
108
99
746
199
593
171
498
921
144
842
959
329
11
750
304
464
331
58
219
183
806
771
215
167
543
313
986
284
937
158
223
123
48
213
342
535
850
155
864
528
500
229
653
353
385
490
374
88
506
101
701
124
424
991
117
709
732
617
47
129
910
145
725
57
135
597
911
684
81
524
226
559
309
22
405
292
677
164
366
351
977
805
485
541
411
172
895
780
716
176
236
460
879
93
961
173
549
739
272
673
393
878
471
23
395
796
449
975
73
614
140
787
147
74
919
266
97
151
231
753
232
809
121
708
296
346
582
261
-1
EOF
