NAME : lhk.2240483.tour
COMMENT : Length = 2240483
COMMENT : Found by LKH [Keld Helsgaun] Fri Jun 12 17:42:39 2026
TYPE : TOUR
DIMENSION : 993
TOUR_SECTION
1
521
836
99
34
244
346
484
628
261
104
722
177
505
311
262
338
408
288
884
670
352
519
440
903
9
65
589
489
675
630
212
882
62
900
662
363
259
134
573
742
674
349
683
367
413
723
813
647
188
964
899
75
332
795
5
87
456
515
986
124
47
506
528
500
331
959
213
329
158
129
864
490
123
117
342
167
850
155
910
183
842
535
313
771
11
385
732
79
300
991
88
284
701
269
724
544
950
476
830
870
656
798
8
481
665
12
680
39
550
126
613
415
487
308
66
206
944
642
475
122
837
355
711
403
703
285
644
255
710
380
825
916
364
654
574
247
112
705
627
823
27
788
279
812
603
222
357
935
835
161
258
152
156
192
634
693
303
689
779
749
688
523
148
620
494
453
102
50
309
60
805
559
567
462
930
598
534
268
105
766
472
597
31
877
923
546
789
641
414
511
721
784
892
707
810
398
757
270
392
38
383
90
389
423
526
664
536
509
699
439
604
404
759
33
149
497
653
772
937
909
939
35
982
898
972
913
82
958
902
730
80
734
325
966
736
452
330
399
706
592
328
133
412
131
234
115
508
740
765
773
350
971
220
273
280
692
957
143
175
337
617
859
424
750
229
374
477
543
566
353
223
806
926
58
678
48
973
101
590
4
525
235
464
197
215
78
256
800
785
219
709
668
372
735
608
518
163
193
748
761
532
304
704
382
362
501
132
483
588
557
377
925
278
666
631
503
681
430
928
98
169
480
120
339
826
250
327
340
221
297
432
419
758
558
696
49
470
32
89
781
720
727
547
322
552
893
983
816
458
401
967
687
437
880
718
951
561
602
504
949
347
15
428
446
299
695
940
348
434
76
427
616
992
760
729
225
831
208
109
555
891
640
793
402
170
915
406
317
945
179
91
548
301
954
828
974
712
201
107
40
214
869
804
586
436
264
571
96
569
305
679
116
94
694
381
989
139
200
719
638
448
400
51
204
447
2
302
737
445
658
956
906
375
629
861
154
241
970
387
185
237
700
248
326
365
45
934
713
754
872
18
463
16
443
751
442
228
715
777
769
522
457
594
492
611
431
29
307
673
612
73
708
961
182
266
272
542
767
435
585
24
867
625
533
981
897
883
560
119
43
106
775
912
260
166
63
537
306
920
764
953
852
130
6
875
390
140
240
121
54
614
142
449
809
753
632
796
151
697
471
168
873
77
807
14
860
652
37
410
184
21
886
369
834
538
245
955
762
698
636
496
579
609
797
289
334
100
267
551
702
601
879
444
553
276
646
527
847
114
502
889
391
731
138
911
176
22
226
360
725
81
57
716
780
460
469
454
485
895
524
577
541
125
351
253
650
292
172
605
600
164
659
575
690
904
663
42
425
790
917
488
361
491
887
59
61
224
572
293
947
93
271
405
249
756
190
878
97
395
257
774
429
787
455
919
438
74
17
23
232
3
549
393
570
975
450
739
344
417
517
173
147
827
242
639
254
977
563
231
227
841
565
416
83
295
540
755
714
747
207
808
615
310
194
409
815
962
216
157
948
407
246
888
336
985
314
376
818
345
286
738
53
274
354
186
41
203
368
178
623
545
478
318
817
857
643
512
691
396
180
932
320
531
619
281
988
230
881
321
802
13
370
637
576
858
316
19
153
848
905
52
865
72
529
333
580
649
976
819
661
474
418
160
745
776
482
838
291
938
298
568
379
466
814
159
894
741
84
743
824
667
146
821
465
984
252
150
319
621
846
993
495
136
855
581
726
929
373
323
686
890
26
312
451
498
507
978
839
137
952
885
388
199
108
243
171
111
386
685
205
384
963
868
657
851
335
768
196
968
933
853
921
426
593
591
275
746
467
30
324
671
645
607
635
676
610
103
118
843
71
908
341
421
943
554
927
942
584
901
655
202
596
69
479
394
239
606
36
618
283
626
209
792
499
287
263
811
486
844
191
397
144
189
624
358
218
794
70
187
946
277
282
969
265
55
799
520
162
85
763
294
922
648
461
669
672
174
965
539
68
728
516
833
651
433
510
10
856
141
95
783
896
145
941
135
562
564
660
803
770
127
583
862
113
987
801
92
110
744
236
633
441
733
411
514
677
217
366
622
578
684
86
924
371
493
181
238
211
840
128
914
513
343
530
918
990
195
473
64
876
849
587
863
422
210
20
936
682
845
866
459
717
67
931
198
979
871
44
356
233
315
56
595
752
907
359
791
165
556
251
854
468
786
290
874
420
782
820
829
378
46
25
822
582
28
832
7
296
960
778
599
980
-1
EOF
