TOUR_SECTION
1
960
104
25
980
722
582
599
778
505
244
484
738
203
368
24
755
897
948
41
852
625
619
585
517
435
691
747
246
537
857
512
119
321
912
345
883
775
409
981
953
314
63
16
21
715
522
834
492
632
860
307
594
51
29
777
934
754
457
769
442
762
289
431
37
713
886
697
652
116
872
612
369
410
45
463
961
184
14
611
228
107
40
679
828
751
214
381
869
989
201
406
436
237
712
586
462
567
128
357
907
877
844
523
990
282
918
195
924
263
211
493
779
102
277
499
473
622
481
693
181
946
453
70
598
238
156
64
343
371
863
50
513
849
603
884
644
900
903
9
916
27
670
710
440
65
574
705
247
285
255
288
311
654
262
380
355
519
825
408
364
222
703
308
338
112
352
823
788
627
279
521
99
108
610
498
196
885
952
746
921
275
30
507
839
685
933
137
978
243
968
34
426
199
171
836
593
388
591
891
831
322
91
760
76
861
225
458
437
204
992
729
555
906
640
241
32
547
375
945
658
299
956
427
557
179
571
434
347
616
205
333
686
26
741
661
312
529
451
373
649
461
141
318
396
336
416
802
881
817
281
848
10
862
19
180
316
576
801
672
230
988
370
510
932
888
260
13
379
833
298
495
726
136
929
894
890
743
323
821
474
581
984
100
125
879
588
538
553
955
925
605
663
17
328
224
659
455
575
592
527
61
951
972
690
267
253
601
502
790
334
636
966
889
928
276
572
873
731
113
606
92
583
454
433
618
95
514
110
770
856
209
858
922
987
895
485
783
744
236
633
969
500
223
101
464
910
58
48
219
535
11
991
280
167
313
424
771
123
385
215
331
850
543
88
329
490
158
653
709
229
937
842
213
342
353
864
175
959
806
124
750
699
47
986
284
506
617
528
701
117
183
129
155
304
732
374
46
829
871
595
218
927
315
979
144
931
378
356
233
671
358
359
71
44
822
624
118
645
782
676
635
843
607
467
324
876
459
781
947
169
432
501
42
89
245
552
488
444
609
561
551
362
826
579
114
887
250
698
221
480
797
727
361
425
59
758
491
702
327
185
340
470
419
430
919
471
151
231
93
142
121
417
147
395
920
809
429
257
708
232
774
173
878
74
438
796
23
807
242
168
77
673
272
787
393
549
73
254
297
639
130
3
97
363
964
683
349
795
5
899
630
573
674
642
813
882
188
647
87
300
403
711
837
62
515
332
742
367
944
456
259
489
134
413
662
75
475
269
675
589
723
212
52
963
418
838
865
776
655
745
72
819
84
938
580
466
482
728
291
160
905
818
53
855
252
545
623
274
846
354
465
178
43
150
814
319
824
286
621
993
186
568
159
667
985
478
146
735
926
967
208
695
256
940
428
608
78
220
15
718
382
278
348
949
687
666
372
532
668
446
518
800
235
306
166
450
390
266
310
767
240
714
54
182
207
560
975
6
533
376
867
764
753
815
540
542
739
962
875
344
614
106
449
140
157
570
853
596
851
384
768
421
943
335
69
191
584
386
68
901
554
103
111
657
651
479
976
942
153
202
868
694
264
448
954
720
893
365
154
719
302
970
915
793
402
638
200
445
548
737
629
301
804
109
170
643
660
320
977
562
896
615
216
295
127
351
145
827
941
564
271
190
293
563
227
637
531
803
565
249
650
194
841
725
541
407
808
83
756
38
143
12
680
530
487
536
122
398
439
656
66
798
914
404
33
414
772
859
509
613
152
476
415
303
784
126
724
950
664
497
707
477
830
39
392
544
526
909
870
550
749
812
389
665
206
759
688
79
620
8
149
18
248
496
49
917
139
983
96
974
305
569
317
2
400
443
387
326
696
700
94
558
447
816
692
880
740
193
678
503
504
132
82
401
785
773
339
330
761
704
197
748
765
133
483
412
602
337
131
631
377
399
525
971
273
163
566
590
98
4
115
120
973
681
965
763
669
287
239
162
189
217
394
792
397
539
86
486
794
187
648
516
283
469
341
174
908
36
441
626
520
811
578
294
85
799
511
706
930
847
600
350
736
958
452
730
898
721
494
383
60
80
268
982
508
789
939
546
90
641
957
840
689
604
270
634
234
892
423
391
138
148
325
35
734
902
904
757
420
67
791
28
556
936
422
192
258
866
210
845
587
717
198
874
832
752
835
935
786
468
251
682
161
20
56
165
7
854
290
176
524
472
646
172
55
577
913
534
716
805
292
366
265
923
684
105
405
226
911
309
31
733
559
360
81
57
780
460
597
677
22
135
810
766
411
164
296
820
346
628
261
177
-1
EOF
