NAME : lhk.2267705.tour
COMMENT : Length = 2267705
COMMENT : Found by LKH [Keld Helsgaun] Sat May  2 14:06:59 2026
TYPE : TOUR
DIMENSION : 993
TOUR_SECTION
1
34
275
467
676
378
25
822
46
782
356
682
359
843
607
595
358
103
71
927
768
539
239
191
792
341
578
316
965
606
217
189
908
799
85
486
86
513
397
626
187
287
162
102
499
265
946
357
805
70
31
472
309
128
930
414
50
238
863
923
546
523
181
481
156
195
473
907
990
64
624
520
876
871
645
924
263
218
294
979
931
277
459
315
343
717
844
198
936
845
453
849
258
688
8
567
422
707
892
398
918
462
303
693
784
415
634
152
620
439
536
680
749
665
509
812
79
206
550
830
389
788
823
285
837
475
355
644
642
247
944
66
603
916
613
122
487
213
269
134
864
47
88
986
573
300
403
329
456
5
674
675
711
413
662
742
703
255
900
440
65
884
903
825
574
854
380
222
279
935
161
468
251
530
791
654
587
874
27
338
262
308
112
627
311
710
288
519
705
408
670
364
489
9
352
630
367
212
349
683
589
882
647
813
723
363
188
62
75
964
259
795
332
899
87
515
158
313
732
374
331
850
129
284
223
500
991
124
11
155
229
175
535
617
424
701
656
126
870
38
12
772
385
149
724
342
664
464
771
761
653
117
959
750
842
937
167
123
219
372
348
235
532
666
704
926
543
566
48
506
101
806
910
353
280
477
973
132
490
678
600
773
497
80
404
699
798
859
183
60
143
392
982
759
692
757
337
330
939
957
909
325
779
902
383
35
148
950
476
604
877
39
33
914
544
958
526
730
494
270
268
733
508
766
646
511
904
391
597
789
55
873
360
538
641
22
879
840
138
534
90
810
577
105
292
371
972
524
57
896
460
911
858
351
172
366
227
731
249
81
796
562
592
756
650
417
563
295
293
808
271
130
142
306
190
767
231
242
549
395
429
438
73
615
344
977
125
253
673
93
393
257
878
320
919
272
232
708
147
611
29
860
934
769
21
739
266
809
228
632
37
471
457
754
74
18
442
777
184
16
698
834
762
612
463
491
697
3
807
224
289
45
77
97
419
727
168
601
254
455
690
663
925
889
605
432
955
169
702
100
552
579
639
758
774
340
362
42
886
425
151
652
696
17
551
447
558
470
609
297
458
488
951
334
947
790
89
131
120
98
797
267
276
430
602
221
826
245
82
971
61
501
636
575
721
527
734
480
328
350
444
659
913
689
736
423
572
234
452
553
588
399
502
273
847
706
928
765
412
966
880
681
503
446
133
504
163
590
339
785
327
114
898
197
4
631
483
304
940
215
525
58
709
115
377
528
193
748
220
299
949
78
278
428
608
375
15
992
740
658
555
401
347
861
561
956
729
302
322
32
569
781
548
179
437
616
448
427
402
571
76
891
800
225
695
557
518
687
668
208
640
735
256
718
793
967
241
434
382
831
760
804
893
954
264
828
586
214
869
301
365
906
945
109
91
816
720
737
2
154
406
170
679
970
326
201
719
712
107
694
547
237
387
317
305
204
915
96
974
59
443
361
887
917
629
248
400
49
445
185
139
496
94
51
700
594
250
381
200
872
369
40
522
713
715
14
983
638
436
989
751
116
307
492
410
431
140
753
961
570
449
54
121
23
614
920
787
450
540
182
867
542
6
106
975
585
981
962
314
157
714
512
240
815
207
173
376
321
541
531
922
841
216
310
619
246
127
565
625
260
416
833
407
141
643
881
10
803
888
13
637
985
568
274
537
409
390
178
517
747
533
345
875
368
775
897
883
24
166
560
465
912
435
857
953
63
41
738
993
203
150
252
755
186
159
53
818
43
545
621
319
136
821
929
984
323
894
814
855
581
667
146
354
846
743
623
160
649
865
686
495
474
26
373
890
726
312
205
661
529
741
386
685
384
333
418
466
901
976
153
868
648
988
580
728
461
745
932
291
819
802
84
482
776
838
298
938
286
576
336
824
119
817
852
19
370
691
478
379
180
318
281
230
770
672
72
174
396
618
848
52
433
92
948
827
583
783
209
510
801
764
194
862
564
83
113
660
987
895
559
405
725
780
633
226
684
856
164
485
176
716
411
145
744
282
598
622
211
454
493
794
514
283
811
969
236
941
677
135
95
110
36
763
441
905
655
394
68
469
596
69
651
584
111
669
516
118
657
421
942
479
963
853
202
507
388
968
885
978
933
921
593
335
426
943
233
144
635
30
324
44
554
610
671
851
196
746
952
839
199
243
451
498
137
108
171
836
591
521
99
346
261
628
484
244
980
722
778
177
104
420
820
582
960
290
20
835
192
165
67
56
786
752
829
7
210
556
28
866
832
296
599
505
-1
EOF
