TOUR_SECTION
1
261
296
25
590
971
337
692
678
740
748
120
681
525
115
399
704
973
377
483
4
566
773
412
133
765
785
131
761
197
330
193
98
132
880
631
273
82
251
931
682
210
676
359
378
866
822
782
56
829
28
752
635
786
556
871
20
459
7
960
832
44
356
907
165
218
717
595
845
820
46
874
198
422
979
936
67
315
989
586
214
406
436
828
869
237
107
970
679
712
200
751
139
569
974
381
40
201
145
650
242
541
271
725
841
249
295
253
83
564
562
485
977
895
565
351
135
756
216
808
514
563
663
227
81
615
293
190
41
409
637
416
127
881
888
407
321
531
815
246
643
281
537
13
803
260
180
141
862
660
194
320
827
948
896
941
824
929
623
160
53
466
136
581
865
159
495
818
286
621
146
354
894
43
855
150
252
821
846
545
743
465
984
667
319
814
554
927
607
942
657
335
843
746
645
467
768
671
191
233
851
486
30
426
144
103
584
324
421
610
118
358
943
71
634
724
33
38
476
701
664
143
477
126
772
439
950
939
183
79
424
392
526
656
175
909
404
398
859
759
280
699
798
149
536
497
544
879
766
559
577
460
22
597
31
913
360
226
524
677
810
911
172
164
309
55
176
805
405
840
534
684
930
371
923
472
646
411
265
292
592
105
366
716
733
780
57
981
368
178
691
619
738
186
775
274
755
435
883
119
897
517
24
345
912
985
63
857
852
993
817
585
568
203
314
625
953
512
478
626
908
479
792
441
162
856
539
69
578
669
287
236
209
85
189
294
86
596
648
217
394
744
618
811
516
469
794
239
969
965
454
397
763
283
799
36
606
540
140
975
306
570
739
767
157
240
867
310
747
166
875
266
560
376
714
542
533
764
450
390
962
6
182
54
449
207
106
344
470
443
496
250
860
609
713
491
245
59
425
18
834
917
696
289
94
184
51
361
89
886
369
419
64
499
946
523
924
195
70
493
187
876
102
277
128
181
598
263
453
156
520
238
211
513
849
624
622
343
473
462
844
282
444
601
267
659
163
636
702
328
561
727
527
340
501
887
797
480
925
100
114
951
327
221
552
276
401
538
362
185
826
503
432
504
790
551
553
889
488
575
430
928
169
947
8
414
918
39
863
303
791
481
990
148
784
877
509
620
415
812
12
914
567
270
192
530
693
707
665
357
749
50
854
779
688
389
152
680
258
93
130
708
121
395
614
73
173
74
151
549
796
272
878
753
417
809
961
673
232
471
919
97
147
438
231
393
23
787
608
695
235
372
220
926
532
666
15
382
735
208
78
800
718
668
967
446
687
518
278
348
339
428
256
940
949
902
325
957
452
572
138
982
511
689
494
90
391
847
502
423
706
904
966
734
508
268
234
602
898
350
60
641
736
383
604
892
600
730
972
757
958
80
546
721
35
588
789
591
34
196
199
521
978
108
99
952
498
968
507
839
885
388
275
836
137
593
243
921
685
171
933
5
413
630
363
9
259
403
349
711
456
134
647
795
589
813
367
899
675
489
882
75
683
188
723
300
742
62
87
573
964
674
212
515
332
872
632
228
594
777
769
21
14
307
431
410
29
37
715
652
522
463
697
457
442
16
611
754
492
762
116
45
934
612
386
963
938
976
776
84
72
418
580
291
655
68
868
202
651
819
482
905
853
174
111
384
341
901
333
838
745
728
153
52
302
983
387
400
737
154
445
447
2
170
719
638
558
629
402
264
248
96
548
317
305
694
793
954
915
893
804
720
49
109
816
448
365
700
326
32
347
179
427
906
301
225
434
241
956
555
547
91
76
640
437
322
861
945
760
204
375
992
557
299
781
831
616
458
729
891
658
571
705
262
112
587
935
420
408
352
574
835
627
380
27
654
468
364
161
338
823
884
311
290
519
288
670
903
247
916
644
285
900
308
642
870
355
255
487
475
662
825
65
944
837
440
222
710
613
703
269
788
603
550
122
279
206
66
830
576
19
770
336
433
802
298
987
988
95
633
318
583
370
510
230
110
379
922
672
858
92
783
461
396
113
848
801
316
833
10
932
334
758
807
3
455
774
142
690
17
698
920
579
429
639
61
955
77
224
42
125
257
254
873
605
731
168
297
649
323
474
890
741
312
686
205
373
529
661
726
26
451
123
535
653
88
331
464
709
842
47
213
158
937
771
58
986
284
11
48
374
342
101
219
910
124
215
385
732
528
223
304
750
864
806
850
117
617
329
155
167
959
991
353
129
506
229
313
500
490
543
244
484
104
722
628
980
346
177
778
582
599
505
-1
EOF
