NAME : lhk.2299070.tour
COMMENT : Length = 2299070
COMMENT : Found by LKH [Keld Helsgaun] Fri Jun 12 17:42:39 2026
TYPE : TOUR
DIMENSION : 993
TOUR_SECTION
1
25
722
261
177
104
296
582
778
505
599
820
960
359
7
822
459
46
56
676
610
315
324
607
30
233
144
44
294
843
71
927
651
191
851
554
243
942
933
885
384
426
394
388
908
421
768
901
943
596
291
174
479
68
606
657
728
988
792
539
103
626
69
744
516
441
578
794
811
265
520
277
499
238
799
162
187
102
844
189
86
763
486
287
118
397
624
263
849
595
645
671
907
218
635
358
20
378
28
871
356
198
782
251
832
874
210
420
866
935
27
308
530
380
693
550
355
152
262
258
279
165
752
786
290
587
829
845
682
931
556
936
979
64
67
70
717
946
598
156
577
148
453
343
493
422
791
481
876
195
918
192
523
513
854
462
749
473
357
990
39
863
8
468
38
688
835
398
122
613
603
916
788
33
710
65
627
487
206
830
870
701
944
573
771
126
385
656
66
424
149
699
374
223
183
175
476
497
101
124
313
11
284
342
959
617
991
732
47
653
229
986
864
134
269
900
837
674
642
589
255
367
903
644
703
823
222
247
311
825
285
670
112
884
161
338
705
364
654
574
519
408
352
288
440
9
630
489
813
723
882
62
675
259
332
683
349
662
403
711
475
742
212
363
647
413
75
188
795
456
964
5
515
88
300
329
899
500
87
331
129
117
213
158
910
535
490
750
506
973
806
543
155
909
280
304
79
759
58
392
353
664
772
536
477
665
680
724
439
914
389
143
415
12
620
939
567
812
707
509
414
784
810
303
181
779
757
689
604
526
270
508
50
60
730
798
330
706
404
80
859
950
544
566
325
234
600
773
219
337
678
464
256
842
937
197
926
528
215
704
167
735
850
78
123
446
348
518
695
48
692
709
748
785
235
458
4
131
193
299
15
273
377
525
483
399
412
501
631
120
590
880
98
204
504
831
278
32
347
557
616
797
179
729
375
241
76
992
687
906
640
427
571
800
608
940
372
718
658
971
428
668
861
949
761
967
382
532
666
208
945
225
91
760
109
322
891
555
869
548
301
629
720
170
107
970
989
448
264
983
586
974
406
40
679
712
569
547
200
402
915
793
365
302
737
700
154
893
804
2
49
437
445
432
719
326
816
638
447
400
14
697
305
116
89
16
96
956
168
248
59
361
774
491
94
551
887
552
327
917
434
781
558
681
826
401
245
82
488
163
220
790
169
659
951
114
132
601
503
350
362
736
958
928
740
339
133
511
734
452
35
115
383
702
423
502
634
957
527
641
602
309
546
90
982
902
840
164
172
892
898
721
904
766
268
282
534
411
128
371
733
211
877
236
924
930
622
105
923
913
472
559
677
780
469
684
858
433
856
454
514
95
283
618
209
217
85
965
36
92
10
669
583
19
316
239
341
153
648
482
868
938
52
905
848
833
110
838
113
416
801
370
379
922
633
881
862
888
756
953
691
230
802
745
461
672
783
932
298
865
824
396
146
466
776
286
985
319
478
855
274
368
846
814
72
159
568
755
318
857
623
43
345
465
537
203
993
815
306
178
119
260
281
314
216
738
747
941
948
180
531
637
409
246
565
827
249
127
564
145
896
295
320
227
562
808
407
130
351
395
257
875
714
194
83
13
321
450
344
141
517
540
310
438
157
417
271
643
254
639
455
242
293
807
841
226
563
955
3
911
977
895
650
336
770
969
485
987
541
524
460
725
803
135
22
716
805
57
55
31
366
597
360
646
538
494
276
663
605
176
966
405
847
765
553
925
328
588
727
789
100
636
340
430
419
947
444
561
690
592
267
572
138
972
879
292
391
224
920
81
615
173
297
190
873
125
253
61
575
889
609
579
731
480
17
429
221
698
549
42
334
758
142
878
121
614
232
393
23
74
147
207
775
390
106
570
376
767
266
21
512
764
867
471
809
73
307
272
231
975
151
860
673
872
652
611
708
29
51
93
919
796
425
77
470
787
886
369
289
97
184
185
496
250
594
834
457
443
754
463
201
45
694
139
769
696
317
387
442
237
18
828
954
214
713
436
777
381
492
522
228
751
715
934
762
410
431
37
612
54
753
961
632
140
739
449
542
24
182
6
625
533
560
962
240
852
660
166
576
817
435
912
981
63
41
585
186
53
619
897
621
883
818
545
252
581
894
495
150
667
354
821
984
929
323
136
743
160
649
741
726
474
890
373
26
686
661
451
205
312
819
386
111
418
84
333
510
202
976
529
655
963
580
685
507
978
335
853
839
584
199
171
952
921
498
108
137
467
275
968
593
836
591
196
521
746
34
99
346
980
484
628
244
-1
EOF
