TOUR_SECTION
1
628
484
177
778
244
980
960
505
820
261
582
599
104
346
25
722
898
602
82
972
765
572
131
904
276
966
350
330
502
133
925
328
588
553
412
928
773
575
527
525
847
399
721
514
888
858
249
127
13
320
316
896
92
10
576
379
756
246
461
19
633
583
802
113
407
396
987
565
141
260
801
370
922
827
563
83
932
660
564
988
281
637
433
881
194
941
110
948
95
783
180
416
862
672
230
336
770
833
643
531
318
803
385
313
11
617
47
124
329
986
88
229
284
732
500
991
701
959
864
424
213
331
771
716
559
292
105
677
55
360
57
766
810
485
534
879
265
366
733
541
913
135
856
977
411
405
172
460
226
236
31
577
176
684
145
524
164
309
895
911
81
725
22
592
780
805
597
351
258
192
468
936
210
380
556
835
587
161
866
420
791
874
262
290
935
786
854
422
251
165
887
361
362
340
702
444
401
501
889
488
951
470
100
480
826
698
432
636
89
267
169
327
538
609
659
601
727
551
334
758
552
114
245
797
947
430
579
561
42
221
790
185
333
942
853
976
384
510
68
868
202
901
651
386
596
335
657
728
174
72
394
84
655
905
421
153
848
69
111
482
838
745
580
819
963
291
52
341
280
477
634
439
149
544
859
183
398
664
79
699
772
950
175
939
392
38
798
909
656
476
759
143
404
724
497
536
589
647
212
675
813
882
349
489
630
367
683
62
363
9
188
413
742
723
434
760
301
640
793
658
76
831
347
91
437
204
375
555
992
225
891
208
322
729
557
906
861
427
571
547
241
170
179
458
945
299
616
522
492
307
116
425
228
37
762
410
59
289
184
974
457
491
886
632
77
442
463
594
696
250
29
777
45
652
872
18
16
611
21
431
697
754
612
769
713
419
715
934
51
860
14
369
834
272
54
919
151
393
975
130
23
417
395
266
173
809
549
614
739
74
708
796
93
787
73
182
310
140
147
570
438
121
97
449
961
232
673
471
231
753
878
122
33
279
206
487
812
830
126
870
665
680
66
530
613
550
271
295
257
3
242
227
663
297
731
955
808
253
774
562
429
841
690
168
293
125
142
17
190
254
216
650
605
455
920
61
873
224
639
807
615
303
415
414
357
693
877
990
688
39
509
567
914
152
389
784
918
148
12
707
863
749
8
779
526
270
50
481
620
686
661
649
373
26
323
451
741
529
726
474
890
312
205
799
441
85
626
606
36
539
86
794
969
283
294
189
648
209
239
397
71
908
486
516
965
763
624
103
927
843
217
768
118
454
162
191
943
744
479
469
669
811
618
187
520
287
578
792
27
408
519
654
112
311
288
352
338
364
884
670
574
823
627
705
499
453
263
924
462
473
598
371
844
523
849
282
128
622
102
343
156
923
70
946
238
472
181
493
195
211
513
277
692
730
646
452
35
958
600
757
325
689
930
494
90
957
892
391
840
508
60
789
383
268
234
80
138
982
423
902
511
706
641
736
604
546
734
15
339
220
608
668
504
761
735
940
880
163
740
971
377
372
800
278
718
695
273
115
446
748
4
428
382
235
666
518
193
503
120
348
78
704
687
631
785
967
197
483
949
132
681
532
98
590
256
746
171
851
885
839
521
99
137
933
30
968
467
275
591
685
952
836
233
108
978
426
34
671
196
243
921
554
610
199
507
388
593
584
498
448
915
712
694
305
214
381
200
751
264
548
828
302
201
139
970
237
436
569
586
869
40
402
365
804
406
954
679
107
989
607
64
871
218
822
595
356
315
459
845
979
931
717
358
324
46
907
682
782
832
198
44
676
28
7
359
144
56
752
876
20
829
635
378
645
67
285
662
703
903
944
475
440
788
825
65
355
900
255
710
403
644
603
837
222
642
247
308
916
252
818
545
159
814
855
938
136
667
581
821
466
495
53
286
623
43
776
929
150
824
984
865
621
354
160
846
146
465
418
743
894
319
298
875
240
166
714
537
517
321
815
962
767
344
867
376
306
207
450
542
106
6
533
560
747
512
764
540
157
409
390
186
691
775
738
435
755
817
993
345
274
985
314
178
953
368
203
897
63
981
619
585
852
568
857
119
478
24
625
883
41
912
566
535
215
750
58
374
806
506
528
926
117
543
653
850
353
709
842
155
910
129
973
464
490
167
342
678
101
123
219
158
337
223
48
304
937
447
956
893
558
443
387
400
781
445
737
326
248
496
2
32
94
109
720
317
49
700
983
638
629
154
96
719
816
917
332
87
300
75
899
134
269
259
573
5
674
456
964
795
515
711
296
-1
EOF
