NAME : lhk.589514.tour
COMMENT : Length = 589514
COMMENT : Found by LKH [Keld Helsgaun] Fri Jun 12 17:46:42 2026
TYPE : TOUR
DIMENSION : 148
TOUR_SECTION
1
3
4
2
10
96
99
98
101
93
97
100
94
105
95
17
92
107
102
108
103
104
106
109
111
112
114
22
113
115
110
120
116
121
65
63
62
122
119
117
20
19
18
15
16
25
118
24
23
27
124
135
136
134
133
34
26
30
32
29
21
123
60
61
64
33
59
58
57
56
52
55
53
54
37
50
31
51
45
43
47
48
38
42
36
44
46
49
39
41
40
68
35
69
70
67
72
132
66
73
74
71
75
76
77
78
80
81
82
79
84
85
86
83
127
130
128
129
126
140
88
131
89
87
90
125
138
141
139
91
28
137
142
143
14
11
8
12
13
9
7
6
5
144
145
146
147
148
-1
EOF
