NAME : lhk.2244186.tour
COMMENT : Length = 2244186
COMMENT : Found by LKH [Keld Helsgaun] Mon Apr 20 23:40:38 2026
TYPE : TOUR
DIMENSION : 993
TOUR_SECTION
1
628
484
244
346
591
99
836
521
34
921
584
933
137
426
196
671
275
610
467
746
593
927
315
233
645
30
968
71
554
479
768
191
68
294
486
943
539
118
421
202
386
335
333
942
851
111
853
199
388
839
243
507
885
952
108
171
498
451
373
26
661
686
205
323
726
474
821
890
136
929
495
581
160
649
741
743
984
865
545
150
667
319
993
159
354
621
894
738
43
435
883
6
767
182
166
975
266
310
517
562
775
344
438
691
747
23
321
962
570
512
106
625
533
24
875
390
306
818
314
619
714
867
63
537
852
368
755
981
41
157
186
897
824
178
274
345
203
857
585
53
912
465
252
286
623
802
418
985
855
846
776
963
745
318
72
482
466
119
478
146
370
416
298
396
510
461
13
379
336
932
988
230
833
938
868
19
84
651
52
819
814
901
838
312
529
978
685
153
384
976
580
596
103
394
174
655
291
341
848
888
728
576
469
316
881
905
583
454
563
606
817
433
141
672
281
260
246
568
407
941
633
643
827
948
922
180
862
409
560
542
531
173
637
953
320
540
295
194
756
564
896
145
92
858
770
110
351
987
763
217
856
792
618
236
485
780
95
249
135
895
309
977
113
783
10
227
911
660
83
815
803
565
841
190
127
297
920
673
61
698
257
271
597
253
328
605
524
972
588
226
690
514
572
879
360
405
541
725
172
577
575
176
57
366
81
766
677
799
744
844
794
189
36
965
162
85
811
969
801
669
209
441
648
239
69
908
263
578
657
516
187
520
283
626
397
624
86
843
144
358
607
324
676
931
46
829
595
782
7
218
359
876
64
635
459
567
67
287
70
990
20
195
156
265
871
473
924
499
559
598
849
716
493
472
411
462
55
913
282
102
181
523
733
343
863
90
513
946
845
277
779
128
8
620
371
930
22
31
684
622
923
810
105
646
840
789
460
790
138
805
928
966
164
721
502
292
494
391
534
904
268
958
641
706
634
600
60
325
238
303
892
80
757
148
544
211
270
546
12
511
414
784
50
914
665
357
481
688
604
477
439
38
389
536
724
234
476
398
909
689
692
535
566
423
143
424
183
79
175
699
526
374
280
957
772
229
859
528
392
740
508
736
748
842
350
734
730
847
765
412
590
452
973
525
193
982
898
880
98
992
602
220
949
120
785
377
15
256
78
658
687
225
382
793
668
179
735
114
458
640
518
163
695
91
299
446
401
804
826
555
241
945
571
719
305
893
956
427
547
347
204
971
169
434
704
131
503
925
322
773
483
197
115
339
4
631
35
82
383
133
455
592
276
553
399
601
480
781
362
504
221
681
947
334
361
273
561
797
185
444
375
245
501
327
609
100
886
432
727
488
579
702
552
659
636
902
731
527
615
873
919
224
538
758
889
254
419
42
663
774
293
272
121
130
450
808
764
216
73
650
395
74
242
232
142
240
3
393
93
231
878
417
376
54
151
449
614
612
147
961
140
207
809
29
611
739
16
753
471
522
77
872
442
632
492
410
787
713
652
431
777
21
228
307
184
201
381
751
200
869
715
302
828
712
214
2
989
436
915
40
954
694
737
32
317
569
934
447
983
696
638
109
387
816
443
139
402
700
400
558
496
470
974
887
326
860
551
754
250
18
463
917
116
769
237
457
37
369
14
94
59
45
594
708
97
289
549
639
125
807
697
491
796
425
51
267
168
762
89
17
429
340
955
834
96
445
861
430
951
448
49
365
831
248
906
154
264
406
437
548
616
970
586
679
170
629
760
301
107
557
729
76
372
208
720
891
967
718
666
608
926
215
235
800
278
428
132
761
330
806
543
678
506
155
123
910
750
101
464
759
304
337
167
223
940
532
850
348
709
117
158
342
219
329
87
500
986
864
331
129
937
313
353
48
991
653
47
732
213
385
959
300
899
188
573
515
795
75
332
5
403
259
456
683
363
589
711
413
630
964
62
723
647
813
9
212
882
349
742
475
662
255
703
675
367
489
670
285
627
644
603
487
308
916
788
380
65
122
680
642
134
870
126
837
903
674
269
617
88
950
124
11
490
58
497
664
939
798
613
404
149
509
39
830
701
284
771
33
550
944
749
66
656
812
206
152
355
710
900
440
247
587
161
823
192
279
854
258
791
415
877
530
693
936
707
198
251
918
717
907
453
56
356
28
44
979
752
378
822
786
556
210
960
832
420
25
820
682
866
165
290
654
835
422
468
874
935
262
705
884
222
825
338
364
27
311
112
288
352
408
574
519
778
104
177
261
722
296
505
599
582
980
-1
EOF
