TOUR_SECTION
1
296
980
104
484
177
99
778
346
261
599
582
628
722
25
505
759
280
536
939
950
544
664
798
699
398
859
724
477
175
143
909
634
914
656
772
33
404
526
12
439
149
79
476
38
392
497
183
450
106
344
560
376
975
753
6
540
310
306
570
240
614
182
449
390
747
140
533
867
875
166
266
739
157
54
207
714
767
542
962
764
577
366
57
766
780
744
716
411
485
265
217
145
597
805
55
856
172
733
292
534
31
911
81
135
895
22
677
105
524
164
684
236
176
309
405
351
226
460
799
810
454
559
52
386
976
853
482
661
776
111
745
529
205
72
384
938
333
868
451
291
312
741
819
838
901
418
728
153
649
84
373
202
580
655
963
347
503
504
797
949
401
880
501
273
339
120
552
98
362
430
114
681
163
399
621
855
495
323
984
865
146
286
136
159
743
252
890
53
474
821
319
929
623
581
667
26
824
686
894
466
814
150
726
160
846
545
354
822
64
422
459
682
165
44
556
251
871
635
198
607
359
356
907
960
46
979
717
876
752
315
786
782
676
67
56
645
28
210
20
936
845
7
931
866
874
218
829
820
378
832
595
358
443
18
713
237
754
116
16
974
463
558
14
777
934
228
751
387
420
290
161
338
408
288
352
670
587
519
380
627
935
262
468
884
823
311
364
654
27
112
835
705
574
970
154
700
107
365
694
40
305
569
983
402
2
264
915
436
548
828
302
954
447
719
679
804
737
406
989
712
248
96
109
317
200
139
201
638
448
586
869
214
816
381
575
3
690
541
977
955
879
572
615
605
271
17
731
650
227
592
725
663
297
873
61
841
125
807
293
224
168
253
455
190
87
329
229
213
124
732
385
500
515
11
771
991
959
88
313
134
424
701
331
899
617
47
284
986
864
91
760
49
437
616
326
891
945
861
893
427
301
434
179
458
906
571
557
445
555
547
956
729
170
720
375
76
241
32
793
204
831
992
629
322
781
601
947
889
169
698
221
609
925
185
267
327
887
551
538
951
432
334
527
553
702
100
928
276
826
758
636
579
561
659
488
790
727
480
340
328
444
178
691
260
345
585
24
517
817
818
119
738
203
953
897
435
465
857
981
625
186
314
993
619
912
568
852
368
775
537
985
43
63
41
512
883
755
274
478
325
588
689
60
840
90
789
383
902
350
234
502
757
847
892
391
35
360
600
508
452
734
972
604
966
913
736
494
423
646
930
138
982
602
958
546
706
898
730
904
721
268
641
957
80
511
632
431
612
872
611
442
457
762
769
29
307
594
715
492
37
21
652
410
697
45
961
522
272
173
147
231
673
438
919
429
549
93
708
787
242
774
151
878
393
97
130
121
73
809
23
232
920
639
74
395
417
471
254
142
257
796
692
330
4
773
971
678
412
631
133
82
193
483
132
740
704
765
566
377
337
785
748
590
131
761
197
525
115
695
518
428
256
608
658
668
735
278
687
15
208
382
666
225
532
78
348
446
718
800
299
640
967
372
940
235
220
968
921
851
978
685
243
521
233
498
942
593
108
137
467
584
836
335
885
933
171
275
671
952
554
746
610
30
144
927
196
426
591
324
34
839
199
507
388
287
792
763
283
239
69
71
651
669
908
618
794
189
965
36
118
486
85
969
578
516
596
191
843
469
441
768
421
341
86
539
811
657
162
397
68
174
648
479
103
943
294
626
394
379
672
848
802
19
770
858
905
13
92
576
833
396
510
988
316
318
110
298
10
209
433
801
370
922
95
987
281
888
583
932
783
606
113
461
633
336
230
896
409
827
321
563
194
565
941
416
127
216
808
246
643
948
531
295
756
815
514
637
180
862
141
83
249
660
320
564
562
803
407
881
414
812
688
148
509
481
749
50
784
567
303
8
620
152
854
707
270
791
990
918
39
680
779
415
530
258
693
665
192
863
357
877
389
215
842
750
374
101
543
910
58
535
973
464
506
155
129
223
117
937
926
167
304
342
158
528
353
123
490
653
48
850
219
709
806
65
475
613
825
440
247
837
308
269
830
916
285
662
66
206
788
122
487
550
944
126
279
255
903
703
642
644
710
222
603
355
870
900
470
59
94
860
89
289
419
361
496
425
886
696
42
245
400
51
184
369
250
917
834
77
491
363
964
723
489
332
573
9
683
456
742
349
795
882
259
813
674
630
212
5
300
647
62
675
413
75
367
188
403
589
711
523
520
849
924
844
187
343
923
499
473
371
195
472
238
462
493
102
128
453
282
211
70
277
513
622
946
624
598
156
181
263
244
-1
EOF
