NAME : lhk.605765.tour
COMMENT : Length = 605765
COMMENT : Found by LKH [Keld Helsgaun] Fri Apr 10 18:07:39 2026
TYPE : TOUR
DIMENSION : 176
TOUR_SECTION
1
5
2
3
4
6
8
11
34
75
10
73
74
72
9
35
36
69
38
68
7
71
47
48
46
45
44
43
42
41
39
40
49
50
52
53
54
70
55
60
67
66
131
51
64
59
61
63
62
132
65
130
117
138
142
144
143
135
129
122
121
120
128
119
141
126
127
118
110
116
111
124
125
112
115
109
104
114
100
105
106
108
103
123
90
164
87
165
159
169
88
92
93
95
107
89
101
102
86
140
136
94
139
113
146
137
134
133
85
84
83
58
57
56
37
78
82
33
79
145
97
98
99
80
81
32
29
31
148
30
76
96
77
91
26
166
167
147
23
25
24
28
27
150
168
160
155
157
149
156
161
158
162
163
154
153
152
151
20
21
170
171
22
19
15
18
17
16
172
14
13
12
173
174
176
175
-1
EOF
