NAME : lhk.2236599.tour
COMMENT : Length = 2236599
COMMENT : Found by LKH [Keld Helsgaun] Sun May 24 22:56:36 2026
TYPE : TOUR
DIMENSION : 993
TOUR_SECTION
1
34
599
591
746
610
820
822
46
378
782
28
296
778
25
960
832
582
874
104
519
364
705
408
352
311
627
262
288
308
255
9
900
710
247
703
642
603
487
126
903
830
944
440
711
75
300
964
363
456
349
742
475
675
644
882
670
489
212
630
723
683
813
367
403
647
188
62
573
413
589
259
87
515
795
899
329
134
674
5
500
986
385
332
269
47
122
66
11
88
701
424
732
213
124
771
229
617
859
909
613
535
404
284
175
149
550
389
476
206
38
749
870
837
530
279
662
825
222
835
285
916
355
665
688
161
8
468
192
823
788
112
65
574
380
27
290
654
884
422
338
935
420
56
251
165
556
866
786
936
67
210
459
682
635
931
595
752
44
103
645
607
30
676
315
359
324
467
593
426
671
233
144
968
908
978
657
111
335
838
84
745
384
291
466
160
819
394
905
174
68
510
113
763
516
441
811
596
988
833
421
69
965
868
651
669
239
486
768
539
942
36
648
71
979
843
358
118
876
844
218
64
907
849
520
277
211
577
282
918
70
453
990
717
198
845
946
20
829
356
7
871
854
791
707
258
156
587
523
414
481
812
398
620
693
784
680
152
798
439
12
143
79
477
724
415
303
656
526
33
223
772
664
759
497
58
544
699
930
877
80
939
268
958
536
641
105
546
902
689
757
60
366
138
270
509
779
39
604
238
50
31
148
513
357
567
493
195
343
766
128
598
371
810
473
102
856
913
863
187
923
499
287
189
794
578
624
191
86
397
943
606
479
622
217
263
924
162
283
485
541
236
987
469
626
454
677
294
744
969
341
728
770
848
230
370
858
817
564
260
180
281
803
127
249
827
941
565
514
433
405
83
531
336
618
922
10
633
316
881
92
95
226
209
895
145
135
81
216
164
224
731
663
955
904
592
721
227
805
360
684
472
597
172
176
879
716
265
351
22
733
292
559
799
85
57
792
55
462
411
911
780
524
892
181
460
840
534
914
646
511
588
90
553
502
730
234
383
734
508
602
847
494
692
736
605
328
350
538
947
925
982
115
527
100
951
491
575
826
17
125
455
572
254
690
334
3
190
151
168
873
471
253
639
37
74
61
173
297
650
808
841
51
919
673
774
42
609
361
698
369
185
444
114
659
636
972
600
789
928
221
889
131
966
790
425
601
430
401
339
399
267
169
458
658
483
727
887
781
432
77
245
488
340
917
326
579
696
983
834
250
719
551
289
697
387
860
737
443
109
558
638
49
629
406
713
327
59
447
400
797
96
89
362
32
700
906
561
831
317
816
40
893
616
179
760
76
945
557
208
503
278
322
94
241
694
437
470
496
956
992
375
446
640
220
687
235
729
225
382
256
666
428
880
163
949
98
15
347
504
681
273
120
412
78
377
552
372
532
215
299
132
193
785
971
276
452
501
702
280
740
525
480
678
330
197
325
898
391
392
634
423
337
35
506
765
706
973
155
4
133
704
631
773
761
82
800
718
219
348
464
566
304
709
653
123
590
957
910
806
183
748
937
950
543
842
490
991
342
750
117
864
959
313
331
101
129
374
353
158
48
167
528
850
926
518
940
668
608
967
735
434
91
891
695
555
204
427
301
547
571
861
793
107
154
448
954
170
569
264
365
200
679
2
402
915
720
712
302
586
970
381
548
214
139
237
436
201
751
463
869
594
116
989
804
445
248
828
18
974
45
872
442
522
228
305
121
886
410
652
307
762
934
93
257
97
739
431
708
570
184
272
787
614
611
777
492
769
16
715
961
457
754
14
809
21
612
975
767
182
140
266
29
533
796
875
753
632
23
393
429
73
147
142
231
232
549
517
130
878
207
320
540
714
54
310
306
764
417
615
756
419
815
758
271
309
725
242
807
920
783
896
660
977
563
295
293
407
395
438
948
141
194
583
396
41
416
409
119
643
802
72
672
110
461
13
52
801
298
379
691
568
814
865
478
938
19
246
53
857
852
637
932
318
888
314
862
537
203
619
985
576
274
981
178
43
465
368
63
912
738
157
883
993
321
962
542
106
953
562
240
166
625
344
390
376
450
449
6
512
585
755
775
560
867
897
345
747
24
435
252
818
621
354
846
186
159
623
667
894
545
150
319
581
136
821
984
890
26
323
686
312
373
529
205
451
661
649
474
929
741
726
743
824
495
286
855
146
482
776
418
655
333
976
580
386
963
153
202
853
933
901
584
927
388
851
554
952
839
199
685
885
108
243
507
498
137
171
836
196
921
521
275
99
628
244
346
484
980
722
261
505
177
-1
EOF
