TOUR_SECTION
1
25
484
505
104
722
517
775
691
24
321
897
345
512
203
852
857
747
585
63
948
755
537
981
953
912
883
246
738
619
41
368
119
314
435
625
409
713
632
769
886
754
37
834
410
715
431
14
860
29
934
762
21
492
612
594
45
697
777
872
16
463
611
228
116
51
522
961
442
369
307
457
184
652
289
436
201
712
679
751
40
586
828
869
237
214
107
406
989
381
493
567
357
50
877
64
453
263
849
844
924
513
499
156
946
371
481
622
238
462
693
282
863
598
128
918
473
70
211
523
277
779
181
907
102
990
343
195
627
900
27
112
703
380
311
355
255
65
705
364
710
788
644
279
288
352
308
519
823
338
574
825
247
670
285
9
440
903
262
222
603
408
884
916
654
933
171
685
839
108
746
388
968
978
99
591
521
199
426
593
275
196
30
885
836
137
498
610
921
243
952
507
34
906
831
437
375
547
179
945
640
557
956
616
225
458
32
434
571
992
760
241
861
299
658
76
427
347
204
91
729
891
555
322
661
741
373
686
451
649
26
205
333
529
312
888
13
379
932
316
510
881
10
336
396
298
260
817
318
801
802
180
230
461
862
576
141
416
848
988
281
370
833
672
19
984
821
929
894
890
581
743
495
726
323
474
136
588
276
636
928
972
659
553
925
575
690
790
328
605
224
334
966
253
527
879
572
601
663
61
100
951
125
538
502
955
731
592
267
889
873
17
455
92
236
922
433
514
856
987
113
583
110
969
858
209
770
454
633
744
618
783
485
95
606
895
991
47
11
937
500
158
219
101
304
732
617
864
353
374
910
986
213
129
313
653
331
385
123
183
284
117
750
699
842
771
806
424
543
850
535
167
175
701
709
215
528
124
58
88
280
959
490
329
223
342
155
506
464
48
229
607
931
871
676
635
358
822
356
324
595
782
927
218
144
979
459
71
829
315
876
46
378
118
624
645
233
467
843
359
44
671
561
419
221
947
89
702
698
609
501
327
169
245
185
488
340
781
758
552
362
727
430
42
491
826
425
887
114
470
444
59
551
797
250
361
579
480
432
147
254
417
919
74
438
471
708
130
231
173
272
395
809
920
97
121
257
168
242
93
673
796
73
142
393
549
878
429
151
23
3
77
774
807
639
232
787
297
711
964
62
813
349
300
87
647
403
363
675
899
269
642
367
75
674
259
630
456
882
573
5
795
134
589
475
742
515
683
489
332
944
723
837
188
413
662
212
655
905
728
418
963
160
466
482
84
776
52
865
745
291
72
838
819
580
938
545
252
150
465
623
43
985
621
274
319
824
146
53
818
286
568
855
159
814
846
186
993
178
667
354
478
967
926
518
666
382
446
278
15
372
78
235
608
348
735
800
668
220
208
940
949
687
695
428
532
718
256
533
767
875
614
867
542
739
266
962
390
54
140
306
449
570
310
376
975
182
157
764
540
753
560
714
6
240
166
207
106
815
450
344
421
851
584
191
554
335
103
768
942
202
868
111
853
943
68
976
596
69
657
384
153
651
479
386
901
445
154
970
804
402
548
200
694
264
954
301
109
302
720
629
915
170
365
638
719
737
793
893
448
660
941
756
83
615
194
808
249
650
295
351
145
190
227
977
643
562
407
127
564
271
563
725
803
320
293
841
531
637
216
565
827
541
896
749
404
476
909
303
530
613
389
66
122
509
784
439
33
149
544
950
415
487
38
759
398
914
8
680
859
772
79
724
477
497
870
126
39
414
665
812
143
12
656
688
536
152
798
707
620
526
830
550
664
206
392
974
400
305
139
983
317
700
96
2
696
558
326
447
443
94
496
248
18
917
49
816
569
387
973
98
678
339
785
748
120
4
880
602
590
330
740
133
132
761
773
115
504
631
483
401
273
131
412
566
971
82
337
377
503
765
193
704
525
681
197
399
692
163
794
965
187
469
669
648
441
174
626
85
908
162
287
763
520
341
283
397
394
799
189
36
239
516
294
539
486
217
811
86
578
792
957
90
80
350
383
982
511
847
958
35
634
234
452
939
60
902
600
268
546
148
391
604
494
706
138
789
508
270
730
734
840
757
892
689
736
898
721
641
930
904
325
423
468
251
791
786
56
752
874
210
20
422
165
587
420
935
258
866
717
832
192
67
845
936
854
161
290
682
556
7
28
198
835
780
360
309
81
176
810
733
265
226
57
135
911
677
172
913
577
22
164
366
524
684
31
460
766
472
597
405
292
716
646
805
411
105
923
534
55
559
296
628
778
177
599
582
244
980
820
960
346
261
-1
EOF
