NAME : lhk.2303999.tour
COMMENT : Length = 2303999
COMMENT : Found by LKH [Keld Helsgaun] Fri Jun 12 17:42:39 2026
TYPE : TOUR
DIMENSION : 993
TOUR_SECTION
1
296
25
960
177
505
722
980
261
104
582
778
408
262
884
364
574
338
112
823
710
705
627
311
519
352
27
670
288
489
703
644
247
9
882
212
813
675
630
647
62
723
456
899
87
515
331
284
959
47
229
223
500
129
464
653
313
304
385
424
213
158
973
910
219
167
117
926
608
695
590
532
342
256
709
535
374
215
528
4
273
800
704
850
785
748
765
163
377
82
327
330
847
276
761
631
120
399
220
504
235
348
372
518
687
616
446
666
735
658
880
940
278
967
668
401
702
114
729
547
400
681
971
340
793
339
949
15
718
640
98
382
299
831
76
816
893
945
91
571
78
428
179
434
427
208
170
891
204
956
861
347
983
737
241
322
32
225
629
302
638
555
496
804
154
89
402
447
381
109
200
107
694
586
445
264
760
248
40
301
2
989
548
915
448
679
214
954
406
201
365
828
436
237
869
970
139
443
917
116
652
45
18
29
713
184
974
696
369
488
429
151
74
601
51
860
361
387
887
59
551
432
221
561
185
425
419
826
49
245
569
317
94
42
558
934
719
250
712
305
463
96
437
781
992
326
700
501
375
720
797
906
557
362
458
552
503
132
430
972
947
698
412
334
951
133
636
889
470
169
3
480
224
538
253
758
541
295
873
271
911
455
17
242
690
168
827
660
615
226
663
716
249
22
145
895
81
454
236
405
583
95
650
563
281
127
407
246
433
922
783
817
643
988
672
41
896
888
802
691
10
993
818
461
755
396
824
260
576
370
881
815
862
409
948
321
344
531
320
941
13
194
180
416
83
977
125
725
562
216
808
564
293
417
955
537
471
438
190
756
240
953
512
533
435
764
637
141
542
106
376
540
450
130
739
714
395
232
673
449
919
254
93
297
173
708
560
841
787
762
774
77
257
920
351
61
727
605
807
639
444
491
579
549
272
611
442
142
147
878
37
886
834
16
23
777
522
410
769
872
715
289
754
751
594
492
228
14
431
457
97
21
809
632
121
796
614
697
390
612
570
307
961
266
767
975
231
73
393
54
867
140
207
753
897
6
182
625
310
875
857
585
912
157
345
568
166
852
619
883
747
306
962
24
63
775
517
368
314
119
203
465
336
985
186
146
178
981
932
318
160
274
136
623
865
743
741
323
814
726
776
354
43
159
667
894
478
286
738
545
53
252
150
846
621
319
855
495
821
984
581
474
929
890
26
373
661
686
451
312
649
205
418
72
938
482
298
905
728
52
174
316
19
394
848
763
379
291
239
655
745
963
466
819
976
384
111
333
386
202
529
507
685
498
108
199
952
978
593
171
30
426
243
885
521
746
554
467
671
943
324
196
921
137
968
839
388
933
335
851
69
853
657
838
901
942
84
68
580
479
651
85
908
868
209
341
510
801
113
92
514
770
633
858
230
833
162
135
565
577
485
524
803
987
110
965
744
559
856
969
283
811
606
516
669
71
86
768
263
792
397
421
441
596
287
648
118
153
927
584
103
294
843
233
539
358
44
782
218
46
822
635
610
275
315
356
607
931
829
56
359
752
144
876
676
645
794
624
520
187
486
924
191
626
469
618
733
36
499
217
102
844
677
534
411
55
164
622
780
31
946
292
598
57
913
684
572
366
176
923
227
597
646
928
309
790
460
360
383
350
502
731
588
966
328
902
575
609
483
527
659
553
706
740
115
600
100
602
267
721
80
131
789
105
148
172
810
268
805
766
511
892
50
757
544
699
898
736
904
641
391
508
60
138
879
494
925
592
957
730
958
525
930
982
689
35
193
734
773
806
353
543
566
909
490
48
732
750
937
842
123
506
497
337
11
124
155
617
759
701
991
206
798
439
771
58
101
678
149
404
950
859
423
772
692
939
197
664
234
452
476
634
392
546
604
280
398
183
415
303
143
8
840
414
270
665
38
325
620
812
779
863
509
12
870
389
656
39
536
724
830
613
175
126
66
477
550
573
487
964
864
33
88
986
329
795
134
944
674
711
75
259
5
363
683
188
413
742
349
367
300
332
837
589
255
269
642
903
900
403
440
122
285
65
308
662
475
355
916
222
749
79
603
530
279
688
152
918
693
192
161
854
526
513
914
784
238
473
680
907
198
990
453
277
567
849
493
195
707
181
282
472
156
877
90
265
523
128
462
371
799
578
211
189
871
70
459
64
28
67
595
343
845
378
20
979
357
251
786
481
422
717
258
468
791
835
788
380
825
587
866
654
936
290
165
874
935
820
556
210
682
832
420
7
599
836
34
99
591
628
244
484
346
-1
EOF
