TOUR_SECTION
1
34
521
244
591
55
238
523
31
211
923
892
265
913
840
622
371
282
766
472
181
598
128
577
930
534
105
733
810
462
90
920
257
429
142
271
690
168
562
650
3
125
293
224
242
227
841
254
216
61
807
455
297
77
253
663
955
873
615
639
774
17
190
808
939
772
33
149
79
759
798
280
175
664
337
392
859
497
909
183
476
699
724
656
950
634
477
143
404
685
426
199
137
851
498
554
839
171
243
467
942
836
584
933
671
108
746
968
921
978
593
275
507
885
388
335
952
610
30
196
157
409
24
747
953
119
537
344
306
625
376
585
738
106
63
981
512
714
560
435
755
775
542
368
203
852
883
345
166
321
764
533
240
619
6
867
875
314
691
857
41
815
897
517
962
912
7
960
599
25
296
177
820
832
582
505
778
722
104
176
725
677
411
292
236
684
226
81
879
597
460
405
172
856
780
541
911
559
485
57
164
22
716
895
145
366
360
135
351
309
805
977
524
592
572
133
602
527
538
702
925
553
328
659
100
889
276
362
605
588
951
731
790
221
267
575
966
502
928
114
601
972
636
776
84
312
333
384
580
205
853
819
202
661
529
741
418
901
745
451
72
976
386
838
450
231
232
173
151
878
272
390
919
182
753
975
266
23
549
93
147
130
54
395
767
73
438
97
796
540
708
140
961
787
449
471
739
310
393
207
673
614
809
417
121
74
570
530
784
439
689
526
414
398
12
415
270
604
303
877
749
914
148
779
509
39
536
50
544
389
152
680
8
665
812
38
688
707
620
621
938
298
146
379
855
466
396
667
482
43
623
478
53
814
19
318
818
186
159
824
178
319
932
150
568
846
354
274
545
985
286
465
993
817
252
495
865
581
686
984
894
743
136
474
726
160
323
26
649
890
373
821
929
606
657
209
988
52
669
174
239
943
394
291
596
441
908
648
848
68
341
479
963
153
111
69
728
905
655
763
510
421
103
516
191
461
651
868
768
413
589
742
75
795
5
882
711
630
674
212
647
723
367
573
683
259
62
403
456
9
300
332
349
188
964
813
675
489
363
804
751
214
406
974
436
548
970
712
447
828
558
869
109
719
305
586
694
983
248
237
387
96
201
638
915
154
2
400
200
989
569
737
700
107
302
443
381
139
679
264
954
365
317
816
448
40
370
514
565
672
260
194
95
230
249
295
92
881
407
180
922
637
416
633
888
643
281
833
83
660
756
10
583
827
564
336
246
802
803
862
141
783
987
948
770
801
433
576
941
13
316
113
858
320
110
531
563
127
896
29
872
18
860
45
762
594
886
463
21
51
777
307
697
713
611
37
289
116
632
14
934
522
369
715
612
834
228
16
457
769
410
184
754
492
652
431
442
829
676
356
315
682
607
645
324
635
931
44
752
459
358
927
144
28
118
822
782
843
359
595
876
233
46
378
979
71
218
56
773
98
193
501
631
590
761
82
120
401
399
704
681
785
971
131
504
163
748
339
377
740
525
949
220
483
115
765
412
4
273
430
503
330
880
197
132
434
861
76
427
760
179
557
375
891
32
347
301
956
555
571
170
729
793
437
322
547
720
91
906
326
204
241
445
945
402
893
458
629
616
831
992
627
574
112
705
288
165
262
380
670
519
587
556
935
835
311
364
874
654
823
468
352
884
420
27
408
290
338
161
225
658
800
348
940
695
608
640
299
278
735
687
78
256
372
382
446
15
208
668
967
532
666
718
235
518
428
789
546
234
383
60
902
600
80
958
423
706
641
692
508
494
734
982
721
452
35
904
268
898
350
757
325
736
847
730
391
138
511
957
646
758
89
887
480
94
59
334
419
49
488
826
169
491
551
561
185
579
609
425
250
947
470
444
245
552
797
781
42
361
696
327
432
917
340
727
698
496
539
486
102
744
626
618
965
36
187
86
294
799
283
499
469
397
520
924
624
162
578
263
454
792
85
811
217
969
794
189
287
642
550
279
603
870
710
206
903
830
837
308
247
613
662
66
355
644
122
285
825
487
126
788
703
255
222
65
900
916
440
269
475
944
215
490
101
535
223
48
129
850
750
155
353
506
910
117
937
123
528
842
678
158
342
543
167
58
709
653
806
464
219
374
926
304
973
566
20
946
791
493
70
918
936
567
481
67
863
156
453
854
845
907
717
849
871
693
198
64
357
258
251
195
990
844
277
786
513
210
343
192
473
422
866
47
732
515
385
617
424
124
986
771
899
701
88
991
229
313
284
959
11
331
500
134
87
864
329
213
261
484
99
346
628
980
-1
EOF
