NAME : lhk.2260569.tour
COMMENT : Length = 2260569
COMMENT : Found by LKH [Keld Helsgaun] Fri Jun 12 17:42:39 2026
TYPE : TOUR
DIMENSION : 993
TOUR_SECTION
1
275
521
836
591
34
346
99
885
171
108
685
978
498
243
507
26
451
373
890
312
686
529
205
384
741
333
661
335
584
421
68
386
111
963
853
838
72
418
865
667
649
474
984
136
894
726
354
929
323
150
581
855
821
743
495
53
319
621
623
160
466
146
84
814
482
819
938
52
341
776
580
69
976
291
174
901
905
745
655
868
896
180
988
633
651
461
932
637
672
113
316
510
396
728
744
848
858
85
153
843
479
768
943
103
388
942
839
202
426
467
933
657
968
554
952
199
137
746
233
921
593
851
144
676
196
610
324
30
358
356
822
979
607
378
931
44
845
187
67
277
946
876
64
907
473
990
70
343
265
499
217
598
128
805
181
472
597
677
22
460
559
226
236
110
351
799
282
766
606
770
618
969
583
578
294
792
811
469
162
71
189
965
283
287
102
844
263
924
626
717
595
645
86
794
671
118
397
908
927
191
36
486
539
624
648
596
516
520
394
763
239
669
441
10
801
454
922
209
485
987
135
862
716
941
95
803
514
895
783
92
164
249
684
253
524
733
780
911
145
650
81
531
856
541
405
827
563
888
320
321
242
393
564
260
194
306
141
953
127
318
379
643
230
336
13
416
370
203
576
833
433
802
881
298
568
178
19
478
545
274
818
465
824
846
993
252
159
286
985
186
345
897
912
43
857
119
63
24
747
625
738
435
883
533
962
450
875
390
517
266
106
512
395
542
147
739
417
272
182
767
232
708
570
54
614
560
21
410
97
769
228
632
872
14
492
715
612
289
45
37
974
305
694
754
713
16
184
51
697
369
387
116
611
777
457
522
307
442
753
961
431
809
919
29
975
920
449
73
140
549
376
130
796
878
537
310
207
714
6
368
240
948
867
755
619
852
775
157
314
817
585
41
407
691
246
981
409
281
166
756
815
271
3
565
438
540
216
660
841
615
224
227
293
100
172
55
601
502
267
977
951
412
572
928
340
82
527
553
115
491
273
401
636
947
133
955
328
575
731
663
89
592
605
455
609
334
879
873
690
639
151
142
807
774
808
579
787
432
257
254
231
562
61
471
17
344
125
295
83
190
93
173
764
673
23
425
594
77
860
74
762
121
696
700
245
463
834
429
917
727
297
250
816
712
168
327
538
652
362
983
698
925
886
551
488
659
42
361
444
758
503
169
480
797
185
419
790
889
402
49
891
956
434
400
322
347
571
616
737
945
76
91
548
301
179
264
204
504
720
458
32
241
826
893
59
887
915
18
934
629
2
496
248
381
96
317
326
751
107
569
40
201
448
237
436
447
989
828
586
406
906
214
365
970
154
679
427
94
302
443
109
470
804
954
139
992
638
558
869
719
200
555
729
793
640
760
170
668
695
225
445
256
702
547
299
557
437
666
552
561
781
163
658
687
800
278
339
949
15
501
428
831
608
208
220
375
861
377
740
735
681
120
967
235
940
382
446
372
78
748
348
158
718
850
219
532
937
123
47
313
117
385
653
329
331
500
88
75
87
573
515
964
62
5
188
899
413
259
959
300
674
456
642
332
711
742
122
403
903
662
900
837
206
33
986
66
795
284
864
124
732
229
464
617
991
701
12
506
213
544
11
342
543
183
48
58
155
842
101
167
132
750
528
215
704
765
699
678
771
806
129
353
798
304
535
566
773
374
759
280
223
546
859
939
423
898
476
982
692
392
930
508
383
80
706
452
904
4
234
98
197
971
131
973
880
337
325
910
590
490
926
761
709
785
518
430
114
525
193
631
221
330
972
276
602
399
588
483
268
721
847
350
360
757
600
138
494
966
309
725
176
391
923
411
292
31
958
646
730
840
366
60
641
789
736
35
303
604
902
90
689
511
734
149
909
175
634
724
143
477
812
772
656
148
957
509
270
414
877
779
791
481
784
523
493
462
810
238
620
371
577
913
622
57
105
534
195
211
863
513
453
156
192
389
707
8
914
550
530
152
39
665
950
892
50
664
536
398
439
79
830
497
424
916
126
404
38
944
526
587
749
415
613
567
680
835
279
468
258
688
357
871
936
935
918
422
693
752
251
218
849
874
198
20
459
315
7
829
682
46
165
556
290
28
262
866
27
311
338
288
364
574
352
627
705
884
854
825
788
161
710
440
285
65
355
247
380
823
112
308
644
255
703
603
222
487
870
269
134
475
349
683
363
647
367
212
723
675
813
882
630
589
489
9
408
670
519
654
420
296
210
786
635
782
832
56
359
960
599
820
582
505
25
778
177
722
104
261
980
244
628
484
-1
EOF
