TOUR_SECTION
1
25
104
582
599
177
980
778
296
331
515
259
385
573
134
864
75
711
944
899
986
959
701
11
47
87
300
284
837
991
88
795
269
5
329
154
945
76
586
40
381
983
91
793
2
804
915
548
305
616
200
326
109
956
264
816
201
139
638
558
737
445
94
547
571
402
406
496
49
891
447
831
179
436
204
700
387
427
629
237
712
869
32
719
248
302
679
241
434
107
448
694
317
828
170
214
970
437
555
569
720
760
365
96
989
954
301
906
893
400
386
651
942
341
111
963
596
943
901
584
103
976
657
853
479
421
153
333
394
68
202
335
69
868
384
851
282
102
892
238
930
622
371
462
923
211
148
181
128
499
604
924
472
90
270
877
50
598
779
523
254
168
125
17
605
61
663
807
190
690
873
271
774
77
3
297
955
224
455
253
731
142
639
429
42
491
257
920
758
419
553
276
588
330
902
133
383
391
328
966
925
575
502
508
736
412
734
602
789
641
452
898
928
958
525
399
721
972
730
35
268
847
904
131
600
572
350
82
773
80
962
409
435
63
390
376
203
24
512
625
852
533
368
6
883
542
585
560
764
897
912
619
240
344
738
691
953
517
321
106
306
867
875
166
714
345
755
41
119
747
157
537
775
314
981
857
894
667
495
159
465
150
846
545
43
993
623
53
984
136
621
743
252
478
319
855
274
354
178
581
818
865
186
824
814
146
568
821
286
985
939
759
757
909
634
497
706
392
689
692
423
325
337
950
511
197
798
772
699
143
183
973
175
280
859
546
765
566
60
957
982
234
916
285
308
311
255
288
788
642
705
670
475
408
703
900
352
627
574
710
884
603
222
644
112
440
903
519
355
364
247
825
65
292
716
55
138
684
411
22
810
559
31
577
105
534
460
597
840
366
57
309
646
766
494
677
592
265
733
913
176
805
360
188
367
813
62
882
647
212
456
630
403
674
675
742
363
413
589
683
964
723
489
9
662
332
349
184
886
410
116
860
612
715
762
369
777
522
228
632
431
611
934
917
442
974
250
37
51
463
443
59
18
457
754
594
289
713
872
696
492
652
29
14
307
425
16
769
697
751
834
45
887
659
245
951
601
169
947
100
401
480
267
501
702
114
790
444
538
488
552
826
361
185
609
561
698
362
579
889
327
551
527
470
636
727
430
340
432
221
781
89
334
797
987
541
164
172
351
977
514
879
135
226
485
780
227
895
81
236
725
145
405
524
911
299
372
992
348
761
971
640
193
532
208
631
518
940
503
163
718
800
967
704
681
339
735
483
4
377
78
446
225
880
504
458
132
347
590
375
658
382
687
949
115
740
729
120
608
256
666
278
98
15
428
273
322
668
557
235
861
220
785
695
748
298
466
838
848
84
819
72
802
379
655
745
52
418
932
776
291
905
510
19
938
396
728
461
482
580
174
318
263
294
397
520
36
768
71
187
189
578
191
908
539
86
794
624
118
287
843
486
836
243
921
507
108
952
171
839
521
388
137
99
933
498
34
199
885
968
685
591
978
988
583
783
180
336
260
316
896
817
833
888
230
637
95
246
10
407
13
858
672
370
770
862
433
922
281
127
948
141
92
881
576
801
633
941
416
803
854
290
835
823
251
192
338
380
161
27
468
587
422
279
258
654
262
935
67
844
513
198
156
343
195
64
907
493
871
946
717
791
473
918
70
453
693
567
936
863
481
876
849
990
357
277
845
607
645
144
467
315
593
676
610
196
358
30
275
233
671
324
927
554
426
746
152
122
784
544
613
707
79
439
414
664
389
749
680
724
509
476
526
149
550
812
656
487
536
530
206
38
33
665
620
404
870
415
398
477
688
66
126
12
303
914
830
39
8
217
626
239
454
618
209
441
283
856
606
799
110
516
763
113
811
469
648
85
965
162
969
744
792
669
420
46
960
556
682
356
459
931
44
165
7
866
786
28
359
782
832
218
595
829
822
20
874
635
752
820
210
56
979
378
615
242
293
756
660
194
417
438
564
565
540
395
643
216
815
320
562
827
83
808
563
130
249
650
295
841
531
878
173
74
310
753
673
919
809
93
796
182
147
207
708
73
140
739
393
975
21
121
961
54
570
787
232
449
471
549
767
97
266
23
272
450
231
614
151
732
490
123
167
219
117
926
48
342
464
535
543
500
229
506
910
528
424
842
937
750
223
653
374
850
155
58
304
678
806
101
213
124
158
215
129
709
313
771
353
617
205
26
890
929
661
312
686
451
741
474
529
726
323
373
649
160
346
261
628
505
484
722
244
-1
EOF
