NAME : lhk.613439.tour
COMMENT : Length = 613439
COMMENT : Found by LKH [Keld Helsgaun] Fri Apr 10 18:46:57 2026
TYPE : TOUR
DIMENSION : 154
TOUR_SECTION
1
2
3
4
12
5
6
7
14
13
8
44
45
43
42
41
40
31
39
32
46
48
36
33
30
34
35
38
37
51
9
26
11
24
25
64
50
28
47
27
29
54
57
139
138
98
59
10
49
58
121
56
108
109
52
117
118
55
53
110
115
116
114
119
106
111
124
107
113
112
105
125
123
100
101
122
120
102
104
99
129
103
95
130
94
91
92
90
89
87
88
86
133
82
85
84
83
81
134
80
79
78
135
68
74
77
132
131
96
97
127
93
136
126
137
128
60
61
67
70
73
71
72
62
63
69
66
141
65
22
23
20
19
21
144
142
143
146
145
76
75
140
18
148
147
15
150
16
17
151
149
152
153
154
-1
EOF
