NAME : lhk.551871.tour
COMMENT : Length = 551871
COMMENT : Found by LKH [Keld Helsgaun] Fri Apr 10 17:58:54 2026
TYPE : TOUR
DIMENSION : 154
TOUR_SECTION
1
2
3
4
5
8
7
10
9
13
6
11
12
14
16
20
15
21
23
22
18
24
25
26
27
75
28
74
29
31
77
76
32
37
35
33
40
36
39
34
47
52
48
30
46
45
44
50
54
53
49
55
57
56
64
65
62
67
60
63
59
61
58
132
131
129
128
138
130
121
120
140
139
66
133
84
136
134
126
125
137
127
117
119
135
124
123
118
114
116
122
113
115
112
111
104
103
110
109
108
107
106
105
102
101
145
144
96
100
99
147
149
98
94
97
90
95
93
92
88
143
142
91
87
85
86
141
89
80
83
82
41
78
68
81
51
38
43
42
69
79
70
19
71
17
72
146
73
148
150
152
151
153
154
-1
EOF
