NAME : lhk.2268836.tour
COMMENT : Length = 2268836
COMMENT : Found by LKH [Keld Helsgaun] Fri Jun 12 17:42:38 2026
TYPE : TOUR
DIMENSION : 993
TOUR_SECTION
1
521
275
34
591
30
746
196
839
426
593
610
921
507
952
171
388
685
199
335
968
384
963
853
153
728
68
421
768
341
645
103
144
584
851
233
671
927
554
908
657
651
843
486
942
263
283
36
187
86
118
71
46
358
315
607
467
324
829
28
676
56
820
165
874
832
786
20
935
936
422
161
420
627
380
654
574
364
311
112
519
408
288
670
440
489
813
882
9
723
212
630
188
363
675
367
456
711
75
589
573
742
413
5
683
964
647
259
349
332
899
62
300
795
986
732
771
515
48
617
500
117
806
329
123
850
158
940
971
235
225
208
428
748
678
377
132
761
631
528
709
4
219
58
664
937
490
129
331
424
167
155
910
653
543
842
353
124
423
991
566
957
798
284
497
101
864
959
313
47
385
87
342
213
269
701
229
642
88
837
674
134
11
944
662
403
703
308
475
285
355
903
644
247
255
352
705
65
710
884
262
338
788
587
27
823
665
603
222
825
122
900
66
487
916
854
530
835
812
468
918
693
556
198
931
782
822
356
682
459
210
7
378
635
979
44
871
520
359
218
493
845
64
907
70
453
946
595
717
624
866
290
67
39
251
481
784
258
688
791
192
152
398
279
206
830
550
415
12
863
439
613
914
544
509
476
724
337
392
656
772
526
149
389
870
33
126
79
38
464
374
183
175
506
280
325
404
303
847
546
414
759
859
902
898
511
734
840
452
391
600
383
575
128
604
930
138
646
360
309
405
730
572
502
494
267
757
100
966
706
328
35
133
330
602
904
553
82
785
659
480
412
601
273
641
789
588
634
80
982
721
234
740
350
689
508
699
750
535
143
939
950
477
304
926
590
973
773
692
765
223
215
115
704
120
197
131
681
98
372
608
114
348
347
15
695
483
339
446
880
518
687
967
382
532
735
78
299
945
891
264
658
666
718
729
256
668
555
831
375
547
629
616
906
179
816
434
109
301
170
107
302
720
91
586
154
989
214
402
970
406
983
437
915
869
76
638
954
804
365
694
204
828
700
737
447
760
400
200
558
305
387
594
777
40
139
917
712
94
934
436
381
652
751
679
248
228
237
201
715
431
872
611
307
522
769
961
975
29
632
492
395
471
23
37
254
232
562
297
142
168
257
429
920
184
809
690
272
97
393
774
3
796
151
74
51
708
491
834
369
289
96
410
696
457
787
713
16
73
116
754
442
14
443
59
18
886
569
463
974
32
448
427
2
548
793
956
401
571
719
557
640
893
800
797
220
163
169
861
89
561
445
949
49
501
327
326
928
727
193
458
503
399
504
278
579
276
605
955
972
527
224
430
758
925
538
552
663
790
826
889
879
636
947
609
221
362
525
444
470
496
887
361
992
241
245
951
340
322
432
781
488
551
425
42
731
698
317
250
762
419
121
77
17
185
860
697
702
253
125
61
455
977
22
81
911
334
271
873
236
227
716
57
733
176
90
524
913
366
597
810
684
592
105
172
780
460
677
92
351
292
265
725
565
242
615
145
643
841
135
808
190
93
807
650
173
231
867
417
21
919
147
612
293
45
614
570
639
207
140
560
182
549
63
376
739
266
310
390
883
875
753
166
54
962
857
517
714
106
345
344
540
767
320
815
673
747
438
878
537
157
216
368
449
321
130
512
336
755
775
585
619
985
306
240
542
764
533
186
24
435
897
6
912
319
274
53
314
953
993
818
178
545
623
203
738
568
252
621
581
824
159
286
150
354
136
984
894
323
667
146
846
938
495
743
43
814
466
819
776
745
72
482
160
396
838
84
461
817
370
988
407
13
19
802
230
318
932
576
478
119
465
981
379
625
409
691
41
852
180
141
450
246
531
637
83
756
987
164
226
249
922
583
783
803
862
941
127
948
281
801
260
672
416
110
454
633
856
888
881
563
485
564
827
660
895
514
295
541
194
534
799
858
559
102
969
618
896
411
770
606
113
316
95
298
441
868
792
763
669
239
626
965
189
469
217
211
578
513
162
499
85
844
343
282
598
472
805
181
462
577
766
60
958
55
736
31
238
877
892
909
268
148
779
707
523
749
536
357
8
371
622
680
270
990
195
924
923
620
849
50
567
473
277
156
811
876
191
287
744
943
539
397
794
648
479
10
394
516
174
294
209
433
833
848
510
52
69
905
655
291
596
901
386
111
580
976
741
418
865
855
929
726
821
474
205
686
890
26
373
451
312
529
649
333
661
202
498
108
243
978
933
137
885
836
99
346
628
484
244
980
261
722
104
778
582
960
752
296
505
25
177
599
-1
EOF
