TOUR_SECTION
1
820
244
778
960
346
722
980
261
25
104
599
484
505
582
628
551
698
826
527
488
267
444
100
552
430
538
432
659
797
501
609
185
169
889
579
636
561
601
334
340
887
362
480
327
727
758
951
790
221
947
702
114
16
442
307
632
522
715
872
14
769
697
45
29
431
762
934
612
463
611
754
777
594
492
652
228
21
410
37
116
457
937
910
353
183
58
490
374
535
973
175
342
842
464
678
223
653
304
566
101
806
497
543
506
750
155
615
224
271
227
293
873
920
242
774
807
254
297
455
639
429
42
168
731
841
663
257
690
605
125
650
253
142
190
955
3
61
17
478
890
929
743
667
274
466
726
252
465
159
43
985
354
894
846
495
621
545
814
474
568
286
136
865
824
160
319
581
53
984
993
818
821
323
150
855
623
146
178
473
499
876
64
195
907
70
67
567
493
198
277
863
156
453
102
717
343
924
845
871
918
187
946
357
263
844
513
849
520
624
710
788
279
644
475
440
255
703
870
487
613
837
206
900
825
550
122
308
269
916
603
66
662
285
903
830
944
642
355
222
792
606
969
86
217
539
294
768
341
287
174
479
648
763
651
908
516
794
68
965
943
162
486
454
394
209
596
578
744
799
189
811
441
85
36
239
626
283
669
618
421
469
69
657
397
191
103
931
979
607
356
822
645
324
782
467
46
459
843
358
635
218
71
927
315
44
233
671
118
676
829
359
595
378
144
188
683
349
456
964
675
363
413
62
674
259
742
515
300
795
711
630
489
134
723
647
589
5
882
212
367
75
813
573
403
899
87
332
420
835
20
468
422
832
251
28
210
7
874
752
791
161
866
682
556
935
786
258
936
165
192
290
56
854
587
207
130
93
450
540
767
471
74
919
23
395
975
796
310
54
73
173
739
673
121
809
232
97
140
570
147
753
266
708
417
961
390
549
231
182
272
614
151
878
449
438
787
393
491
443
369
713
51
77
834
470
94
860
425
361
250
886
89
419
245
184
59
289
917
18
496
696
88
313
284
500
149
664
213
617
331
701
126
385
864
991
329
11
959
124
424
772
771
47
229
950
986
33
79
732
477
337
511
452
909
234
982
757
939
392
325
957
798
634
423
692
60
689
736
280
706
699
759
859
546
143
541
320
565
987
922
194
216
83
862
941
562
531
141
827
563
977
808
407
246
416
660
896
295
637
249
803
351
756
145
514
180
643
127
564
532
926
235
850
123
158
129
215
528
48
117
167
709
219
839
137
171
30
968
554
108
584
851
933
978
335
952
99
885
388
521
685
610
426
942
591
243
196
746
836
199
498
275
34
507
921
593
81
725
411
405
172
577
164
733
485
684
226
780
911
57
805
236
309
176
766
559
22
597
105
366
856
460
524
292
895
55
135
879
677
716
265
779
622
472
534
923
892
50
930
494
238
31
270
371
462
840
90
148
913
523
810
598
604
282
877
128
211
181
718
518
348
695
256
967
666
800
382
299
428
78
658
278
15
446
372
608
668
225
940
735
640
208
687
445
387
558
447
700
720
719
154
96
317
915
737
402
264
954
694
109
970
804
302
400
301
170
248
983
638
629
2
816
793
365
548
448
92
881
318
988
858
95
461
433
848
13
576
888
336
379
833
672
510
396
583
281
230
770
905
113
19
10
932
298
783
802
370
316
260
110
801
817
633
203
857
119
345
883
186
24
63
344
815
875
585
953
106
867
852
755
409
512
691
560
542
897
306
912
6
41
376
714
747
157
240
962
981
368
435
533
314
166
537
321
619
948
775
738
625
517
764
200
305
214
569
139
107
201
712
828
40
751
989
586
406
237
436
679
869
381
974
572
641
276
508
928
898
904
391
330
575
35
553
502
789
383
602
966
600
80
721
847
133
925
902
958
588
646
734
730
138
328
360
592
972
268
350
12
536
303
784
680
656
620
8
914
707
812
39
415
665
544
398
476
439
389
688
749
990
509
724
414
526
38
152
530
693
481
404
408
670
27
262
380
352
519
338
705
884
65
247
112
9
364
627
574
311
288
654
823
120
131
339
193
163
681
880
761
412
704
4
98
483
631
740
220
504
197
82
273
949
132
785
971
765
401
115
590
525
377
773
399
503
748
686
384
976
529
580
291
838
451
901
819
386
938
373
649
418
776
312
52
853
963
205
741
111
333
728
745
655
661
482
153
72
26
84
868
202
204
427
760
49
906
956
571
945
326
729
992
781
458
555
891
893
437
347
831
861
179
375
434
241
322
547
32
616
76
91
557
296
177
-1
EOF
