NAME : lhk.661454.tour
COMMENT : Length = 661454
COMMENT : Found by LKH [Keld Helsgaun] Sun May 24 22:50:19 2026
TYPE : TOUR
DIMENSION : 174
TOUR_SECTION
1
43
174
157
155
154
145
149
147
146
144
141
143
140
142
152
153
151
148
150
29
30
137
136
138
139
133
32
31
134
108
135
130
115
117
129
131
125
114
132
127
101
105
93
95
103
112
94
111
116
123
110
122
119
24
128
121
75
120
79
74
78
77
76
25
113
118
70
72
73
64
71
66
81
126
98
124
92
68
67
60
87
82
88
80
69
83
85
86
84
26
89
91
21
22
17
27
20
19
18
7
16
11
13
14
15
12
9
10
8
3
6
165
54
56
5
55
4
53
166
167
171
57
58
59
90
63
65
62
170
61
168
169
37
172
23
96
102
97
28
99
100
109
106
107
104
33
34
35
173
40
38
39
36
41
44
156
42
45
49
48
47
46
50
51
52
164
163
162
161
160
159
2
158
-1
EOF
