NAME : lhk.2293528.tour
COMMENT : Length = 2293528
COMMENT : Found by LKH [Keld Helsgaun] Sat May  2 14:06:59 2026
TYPE : TOUR
DIMENSION : 993
TOUR_SECTION
1
34
346
628
99
591
521
885
137
171
498
108
661
205
373
686
474
649
312
741
333
384
451
529
335
507
685
978
952
243
199
933
388
968
479
942
103
768
486
283
657
843
71
645
144
30
44
397
595
845
907
358
218
844
626
294
499
70
102
924
799
277
343
217
189
454
187
792
469
485
86
969
85
441
794
648
110
239
578
516
539
520
811
263
763
36
624
111
153
943
202
851
69
651
421
853
901
68
510
965
174
905
633
848
908
858
316
336
801
230
833
461
988
52
606
482
113
341
728
596
386
963
580
976
655
291
745
838
72
623
84
466
667
802
672
932
379
13
396
888
95
868
394
141
209
416
568
298
817
619
246
178
146
938
576
318
43
981
274
465
53
912
824
150
286
495
621
846
818
319
159
814
19
776
865
418
819
743
160
855
984
354
894
726
890
323
929
26
821
136
252
581
435
545
985
478
186
775
585
203
993
314
119
691
953
517
370
24
897
368
738
542
625
344
512
240
166
537
409
857
376
875
266
570
767
708
652
37
549
787
739
182
106
560
142
73
54
272
809
121
45
796
23
74
130
307
93
975
395
393
242
254
173
429
753
650
147
231
207
41
867
450
533
883
390
962
157
852
321
6
345
714
63
83
815
531
295
310
614
417
540
320
180
764
407
747
977
941
637
755
881
987
922
433
948
643
583
783
92
896
10
669
756
249
770
677
282
856
460
618
559
265
805
766
684
105
744
366
292
733
494
541
646
597
172
351
716
575
780
253
190
731
911
690
42
889
955
455
3
579
17
758
524
920
293
928
808
22
226
164
873
841
615
803
145
281
564
514
127
236
260
565
862
563
827
216
660
405
81
663
895
257
807
725
438
919
271
562
774
449
306
297
194
227
471
125
224
419
18
639
886
232
361
168
51
444
698
887
221
659
340
609
551
114
947
49
169
496
463
289
387
445
834
305
94
401
696
893
237
781
713
400
116
697
365
762
769
2
934
432
184
611
673
425
16
151
632
594
14
860
715
59
491
878
97
29
431
522
442
961
612
140
410
21
751
777
228
492
201
406
436
989
214
828
679
264
302
109
548
954
719
107
869
831
760
737
96
402
586
241
437
200
443
793
720
712
569
248
804
983
381
457
974
754
250
872
970
301
154
638
40
915
917
245
317
447
552
139
458
326
501
558
322
816
826
77
369
727
488
553
797
483
276
163
588
430
133
193
765
360
636
61
681
790
925
879
605
334
951
502
176
966
55
734
982
511
57
757
730
958
31
411
877
598
238
913
135
572
577
641
472
162
287
50
567
863
990
128
268
371
211
391
923
930
892
90
534
604
270
939
462
914
779
840
148
509
38
357
206
414
613
665
12
798
909
325
859
152
303
620
950
724
699
79
772
664
143
749
634
80
706
60
404
392
692
280
423
183
234
847
350
138
689
789
898
902
35
721
601
383
600
309
592
538
904
82
328
273
736
412
972
452
4
602
330
546
98
120
339
773
702
115
267
508
880
631
525
15
740
185
503
399
327
347
100
480
729
179
561
527
470
629
89
945
32
700
375
906
427
448
694
956
170
204
91
616
547
640
434
992
225
557
504
861
362
658
256
748
428
695
926
555
76
220
372
949
891
571
668
687
208
718
518
299
382
800
967
78
971
608
735
940
446
278
704
666
785
132
761
337
759
197
532
219
566
131
506
155
477
678
235
167
973
937
842
48
353
709
215
590
543
58
377
123
348
158
500
528
117
47
331
959
617
385
750
535
850
175
304
129
957
910
732
223
464
213
424
149
33
497
11
701
126
986
656
830
653
284
991
101
374
806
124
342
313
490
515
329
87
864
573
332
899
964
62
188
363
723
683
882
630
589
212
9
489
255
349
813
403
675
647
413
300
134
259
75
456
711
795
5
674
247
900
355
742
642
662
122
308
837
603
788
88
269
229
771
812
550
870
66
944
688
415
439
389
526
536
587
453
8
784
544
476
181
195
398
707
810
39
622
513
849
156
473
936
258
717
918
530
693
422
791
20
854
871
198
752
459
866
523
946
493
931
64
28
67
607
876
635
359
676
822
315
233
191
927
610
324
554
118
671
584
196
467
275
839
921
836
426
593
746
46
296
7
829
782
378
356
979
682
56
556
165
874
290
210
262
935
481
835
161
27
468
279
251
823
654
705
112
352
903
627
311
192
487
65
703
440
680
222
710
380
916
475
825
367
644
884
670
338
285
288
408
364
574
519
778
832
786
820
420
25
960
599
582
177
505
722
104
980
261
484
244
-1
EOF
