TOUR_SECTION
1
960
296
722
25
244
261
346
820
778
484
582
505
177
104
980
599
852
24
912
537
63
897
625
435
883
368
512
203
517
585
119
691
314
409
857
747
953
619
948
775
755
246
41
981
321
738
345
51
834
886
45
14
697
860
184
37
21
934
762
442
594
16
612
116
715
228
307
632
777
872
431
961
369
713
463
410
29
457
652
522
611
769
289
754
492
751
406
989
679
107
237
381
436
828
712
40
869
201
214
586
211
946
357
523
990
907
277
371
924
844
499
102
493
64
238
50
513
263
849
622
598
877
70
693
863
473
779
128
453
918
156
343
462
282
567
195
481
181
285
408
27
644
262
65
9
440
288
308
788
574
823
222
255
825
279
654
916
603
903
311
670
710
627
364
338
247
519
900
703
705
112
380
352
884
355
34
507
610
30
685
591
243
171
196
885
933
108
388
968
426
921
978
952
199
746
521
593
275
137
99
836
839
498
437
91
179
956
427
555
458
225
760
891
32
299
434
557
906
241
571
547
616
658
76
861
831
992
375
322
347
945
640
729
204
205
333
741
529
312
373
451
661
26
649
686
576
833
932
888
416
260
672
379
881
19
13
461
510
336
180
370
862
281
10
396
141
988
802
848
318
230
316
298
801
817
890
474
323
821
136
581
726
929
743
984
495
894
572
636
972
879
663
601
588
17
575
925
731
61
889
951
253
527
592
267
455
502
928
659
605
334
955
100
224
538
276
125
790
873
553
966
328
690
236
633
454
110
744
92
969
618
895
922
770
485
783
987
113
514
95
583
858
856
433
606
209
213
167
701
48
506
11
500
617
385
155
101
175
129
353
842
464
986
424
124
331
806
709
117
959
219
653
850
215
342
543
937
910
183
528
732
47
535
374
158
223
490
280
123
229
88
284
864
313
699
771
329
304
991
58
750
459
927
624
635
315
218
843
871
671
595
829
822
118
876
356
782
645
324
467
358
378
44
359
676
979
233
144
607
46
71
931
245
491
551
185
758
250
552
470
698
425
430
362
501
561
887
480
114
89
947
361
797
432
169
327
59
444
826
727
579
340
419
781
488
221
42
702
609
639
232
809
919
393
417
130
471
168
708
231
438
796
74
395
97
147
73
807
429
23
878
673
257
151
254
93
774
3
272
297
121
549
77
142
242
173
920
787
899
723
489
456
647
964
188
300
813
674
944
837
75
795
363
675
62
87
269
367
349
212
403
882
5
683
332
642
259
711
515
573
413
630
134
662
589
475
742
838
938
580
52
72
728
865
84
482
776
745
963
819
418
905
655
291
466
160
667
159
846
814
465
818
545
824
993
150
478
186
985
178
146
286
855
621
568
354
623
53
252
319
274
43
15
687
208
926
278
372
949
608
428
666
532
78
235
518
735
446
348
668
695
940
967
382
256
220
718
800
739
753
542
560
714
182
533
975
207
6
570
344
240
166
266
157
140
450
767
867
310
815
376
449
390
106
614
540
962
54
764
306
875
901
651
768
479
853
868
584
103
851
976
111
942
202
384
943
657
421
191
69
68
153
596
386
335
554
970
954
793
694
737
264
629
548
301
109
893
915
720
445
365
200
170
302
154
448
804
402
719
638
145
541
941
977
295
271
896
83
351
320
650
827
565
562
725
803
531
615
841
563
293
127
643
194
227
808
190
564
216
249
637
407
660
756
38
830
870
206
688
392
122
724
798
152
812
126
389
477
784
476
509
497
536
8
914
33
749
12
414
79
613
772
487
439
526
909
620
530
415
759
149
656
707
66
550
398
680
303
950
544
665
859
664
143
39
404
49
447
387
2
974
443
700
569
326
18
96
496
248
317
400
917
305
94
139
696
983
558
816
82
483
401
765
525
120
339
704
590
678
399
692
631
133
503
566
132
163
330
115
412
971
773
4
337
131
504
740
880
602
197
98
973
377
785
761
748
273
681
193
174
239
394
811
799
397
578
341
792
486
162
763
287
520
85
217
648
441
794
516
294
189
283
469
626
908
539
187
86
965
669
36
789
423
80
383
958
930
641
494
391
939
689
508
270
604
600
736
957
268
452
60
898
90
325
730
35
847
904
634
721
148
138
734
511
234
706
892
902
546
350
840
982
757
845
161
251
556
874
420
165
290
56
7
717
682
28
210
791
835
752
192
422
866
20
468
198
854
786
67
587
258
936
832
935
733
366
923
55
57
176
265
22
677
172
360
780
226
684
577
460
472
405
411
31
913
292
597
805
911
766
309
646
810
164
105
81
716
524
135
534
559
628
-1
EOF
