NAME : lhk.2240172.tour
COMMENT : Length = 2240172
COMMENT : Found by LKH [Keld Helsgaun] Sat May  2 14:06:59 2026
TYPE : TOUR
DIMENSION : 993
TOUR_SECTION
1
599
610
822
820
210
7
359
752
420
832
165
845
468
931
936
866
876
70
198
453
20
67
356
907
682
871
378
635
782
64
28
717
473
979
218
277
791
343
595
844
946
187
794
411
287
626
102
110
283
792
469
441
783
770
454
856
236
618
578
282
677
366
733
799
57
930
622
189
598
499
924
472
849
604
414
415
156
918
459
513
481
863
990
258
693
530
707
784
509
523
357
665
497
688
206
439
526
877
38
152
823
680
8
39
854
422
192
935
786
556
874
654
262
380
251
27
338
290
835
587
574
112
710
705
161
288
825
627
65
247
352
311
364
670
519
408
9
489
703
440
742
403
212
259
662
674
589
349
367
882
630
675
647
813
683
723
62
332
413
363
300
75
515
795
188
87
5
964
711
573
475
899
456
269
944
285
642
900
903
255
603
644
308
884
122
222
355
986
788
279
126
487
12
870
550
613
916
33
950
620
656
812
79
757
749
909
280
779
303
389
60
706
546
337
325
634
360
328
412
80
566
600
785
678
404
424
709
175
535
806
183
155
506
771
842
377
219
528
910
736
590
197
939
937
423
765
704
234
273
527
972
399
859
692
898
926
503
362
925
82
131
681
740
982
698
245
525
42
327
797
552
873
133
17
951
588
928
879
268
734
702
636
193
553
114
339
330
511
789
847
276
721
773
100
572
958
904
508
452
914
913
730
544
391
148
383
689
957
50
536
181
892
238
567
462
55
371
128
641
716
270
805
195
211
494
534
923
766
90
725
684
911
164
22
646
840
35
502
902
602
731
271
605
350
125
592
538
227
138
966
351
31
172
524
309
597
105
176
292
460
810
577
265
780
217
575
562
253
895
969
744
514
633
145
81
643
281
113
135
531
987
316
92
988
162
833
10
922
672
728
95
888
655
963
318
510
202
776
84
905
745
386
838
819
868
741
72
482
938
418
291
846
802
738
932
298
817
466
230
881
775
801
260
824
576
274
203
141
41
852
314
542
246
106
862
537
321
409
747
827
306
407
981
370
755
416
127
295
941
583
194
226
180
485
541
858
130
977
841
190
405
615
690
663
224
429
491
955
257
579
774
267
601
444
334
254
430
61
455
168
250
425
609
361
696
893
432
889
790
659
221
470
781
59
89
443
826
169
727
887
400
816
375
179
317
448
200
557
109
737
49
915
719
551
96
163
861
947
340
437
501
658
729
631
917
32
299
949
322
428
488
372
480
483
880
98
446
668
971
940
748
666
132
401
304
761
653
543
353
850
973
167
215
374
864
124
959
48
223
991
464
385
732
11
392
342
229
58
759
490
617
699
798
830
664
149
772
477
837
701
143
724
398
66
476
213
88
134
47
500
331
284
329
129
313
123
117
158
750
967
101
532
278
4
518
695
800
15
235
256
718
348
504
992
687
382
120
115
640
347
220
434
208
735
78
571
616
427
954
225
458
891
561
608
555
170
241
804
91
445
326
154
76
204
945
301
831
989
214
629
547
237
40
264
365
828
970
406
700
869
302
387
760
906
720
402
793
548
638
956
983
248
139
558
934
522
496
289
369
18
834
410
16
974
713
51
754
447
586
679
107
463
694
2
777
381
442
569
436
712
14
305
632
751
228
201
116
45
872
652
37
184
94
762
185
142
419
151
611
758
97
3
549
77
73
74
697
920
673
639
272
796
807
54
121
767
753
860
809
457
919
307
570
492
431
29
886
594
715
612
769
266
21
560
471
739
961
182
867
875
393
390
878
517
147
449
395
232
240
297
231
565
173
207
242
249
650
93
756
216
438
417
637
293
803
808
815
336
660
896
564
119
948
897
563
540
23
368
619
787
140
764
83
962
320
166
714
450
344
533
157
614
310
708
512
345
975
6
63
435
376
857
691
24
912
625
178
465
953
883
585
993
581
929
726
821
984
865
252
159
855
286
545
43
150
319
53
186
985
13
818
621
623
354
478
667
814
379
146
52
568
136
743
160
649
495
474
894
323
373
26
686
890
451
312
661
205
529
333
839
69
853
153
648
848
384
68
651
580
19
396
209
669
461
606
433
516
486
294
763
908
174
85
341
394
239
71
965
36
768
539
397
559
520
86
811
263
315
493
144
358
624
645
676
829
607
44
324
233
671
46
554
191
467
275
593
196
426
108
243
388
171
199
968
921
118
479
30
103
843
596
933
976
943
927
335
421
657
584
851
942
901
111
507
685
137
978
498
885
836
952
746
521
591
99
34
628
244
346
484
980
261
104
722
177
778
56
582
25
296
505
960
-1
EOF
