TOUR_SECTION
1
346
773
904
502
133
553
588
957
925
734
35
982
692
600
765
525
508
452
730
234
789
641
721
902
572
966
928
757
423
276
511
328
847
80
412
350
706
958
383
972
330
391
602
736
898
268
131
60
62
675
723
647
813
742
630
489
212
349
188
9
413
367
363
882
683
589
689
90
950
476
772
389
724
914
759
656
892
546
536
143
404
699
39
544
12
620
270
798
325
439
526
414
939
604
392
415
909
749
38
859
634
148
303
509
497
398
650
643
562
485
295
862
514
941
531
194
663
127
895
216
293
253
180
808
145
407
271
249
725
190
541
227
827
565
756
803
615
320
564
896
660
351
977
841
83
637
135
563
141
177
778
722
104
344
390
981
435
625
875
852
883
537
815
533
6
207
767
867
314
63
764
747
560
157
376
897
953
24
409
857
321
368
714
585
512
306
106
912
240
619
775
166
345
962
517
948
542
899
456
515
332
711
964
300
5
134
259
795
674
573
269
87
75
27
574
627
823
364
884
311
670
352
338
519
408
654
705
112
288
222
308
710
662
642
703
603
644
900
285
903
440
837
247
944
403
255
355
475
825
65
916
983
40
869
214
448
365
443
248
2
305
679
970
302
387
436
638
264
107
548
989
237
751
700
915
694
447
586
406
804
381
154
558
954
201
712
569
200
828
974
139
830
152
122
688
530
279
680
613
206
161
487
812
665
788
380
550
66
835
192
8
870
946
70
102
877
849
863
567
481
343
453
156
462
598
238
791
493
513
181
50
707
523
784
924
357
211
473
918
195
277
990
844
128
779
693
411
646
879
226
282
22
805
292
930
534
766
524
460
371
733
472
57
677
840
164
405
81
366
911
55
592
138
31
810
923
172
622
309
577
913
105
597
780
176
716
559
265
684
494
360
471
272
142
3
639
878
739
438
774
920
673
429
570
310
130
231
23
54
121
257
919
232
393
549
74
753
147
395
173
540
796
140
97
450
975
73
266
708
809
787
182
242
449
417
254
961
151
93
614
26
686
354
323
373
929
286
319
495
821
865
894
136
726
890
984
160
855
150
581
814
159
667
743
649
252
474
21
594
522
492
611
29
18
715
769
228
457
886
713
632
369
37
612
762
410
442
289
697
16
860
834
463
934
652
14
184
51
116
754
431
872
45
307
777
885
108
507
968
388
171
243
275
498
196
426
521
978
921
836
137
952
839
199
335
933
593
685
72
728
838
418
333
901
976
661
291
111
963
745
205
84
482
776
853
655
938
52
451
153
868
905
741
529
580
384
312
202
386
819
831
109
445
170
76
629
719
945
816
557
555
720
434
737
571
893
94
317
458
992
891
402
760
179
547
400
552
616
96
729
32
375
322
301
793
861
326
956
496
49
204
781
906
347
91
427
241
437
554
584
358
746
645
144
324
942
467
610
607
768
71
927
851
30
191
843
671
421
657
103
233
943
118
829
907
871
378
979
44
876
218
782
931
356
676
845
752
595
64
359
28
198
46
67
682
635
459
717
20
315
273
382
132
256
120
761
15
501
971
668
4
299
82
785
339
446
278
401
78
640
940
193
503
532
518
666
608
399
748
880
735
967
483
372
718
377
115
98
658
695
687
208
163
220
681
428
949
800
225
235
504
631
348
704
740
932
568
43
738
146
318
888
755
993
691
465
985
298
246
478
370
260
19
881
818
846
466
274
802
13
186
203
396
824
41
545
119
53
379
576
178
817
623
416
621
578
794
499
162
763
397
36
624
669
68
469
520
441
799
287
263
486
648
69
85
539
651
187
239
744
516
283
596
479
792
626
189
908
811
217
294
394
965
86
313
329
126
500
47
213
664
991
88
477
79
385
331
771
424
701
11
124
986
33
149
617
959
864
732
284
229
587
258
290
854
935
422
468
786
420
56
866
251
874
262
556
165
210
936
219
342
280
215
167
590
48
304
806
464
155
910
183
129
101
506
678
973
374
709
223
490
850
528
750
158
58
117
937
197
543
175
653
123
337
353
535
926
842
566
505
582
599
822
296
7
25
832
960
820
636
89
575
731
917
758
362
125
538
419
790
609
727
702
826
245
61
807
527
185
425
951
42
327
455
297
491
444
17
59
168
561
340
797
221
100
488
250
955
947
579
470
169
114
77
432
887
430
696
334
480
267
551
659
601
873
698
605
690
224
361
889
606
341
848
858
433
833
583
113
236
316
988
461
922
969
783
92
618
95
987
801
633
110
672
281
770
174
856
10
510
209
336
454
230
244
628
261
34
99
591
980
484
-1
EOF
