NAME : lhk.2307812.tour
COMMENT : Length = 2307812
COMMENT : Found by LKH [Keld Helsgaun] Fri Jun 12 17:42:38 2026
TYPE : TOUR
DIMENSION : 993
TOUR_SECTION
1
346
628
484
244
980
261
722
25
296
505
832
46
820
829
290
28
778
582
177
104
654
519
670
408
440
288
247
367
823
65
574
308
642
710
627
788
916
112
338
352
364
884
311
705
27
262
161
380
279
707
192
122
830
835
39
475
603
222
355
900
285
11
152
656
944
613
206
825
66
854
550
12
389
693
587
791
784
8
812
526
749
536
688
415
665
530
544
33
476
950
724
680
424
79
439
155
229
126
837
870
487
88
589
644
903
403
703
255
662
9
882
489
723
813
683
630
413
212
349
332
675
363
75
742
573
456
300
5
674
188
134
259
62
647
964
515
899
329
129
123
532
528
215
219
167
709
464
926
695
372
15
735
193
501
940
800
78
971
382
748
518
608
434
729
687
616
720
402
76
301
793
989
828
447
381
264
139
712
436
569
694
869
200
40
816
448
2
558
154
237
201
586
14
107
594
715
21
961
872
492
37
522
777
16
45
228
457
18
762
769
739
809
673
612
307
714
471
449
919
431
934
142
184
130
860
393
697
94
425
51
419
443
834
387
611
96
29
652
754
442
679
369
917
470
887
983
250
361
400
496
463
116
719
751
305
214
445
248
804
302
915
91
974
406
954
970
906
204
891
365
945
317
760
170
571
737
700
561
555
548
609
781
375
49
547
893
322
437
179
109
831
638
428
427
241
225
992
299
348
458
446
278
208
668
666
640
658
220
377
552
557
256
483
32
629
347
114
797
131
889
504
339
327
362
340
967
98
133
163
503
276
928
399
480
880
949
951
502
790
789
955
605
444
758
125
59
727
698
575
289
579
185
551
245
947
538
886
326
169
861
702
89
826
696
659
491
432
956
488
713
334
93
61
774
190
224
17
231
242
920
639
293
42
77
807
297
121
254
429
74
151
147
796
97
23
173
140
549
207
878
166
310
232
3
257
764
808
321
565
272
767
975
512
775
517
867
6
450
570
614
708
54
787
182
542
410
632
753
73
875
560
897
390
157
266
376
883
106
345
912
540
747
435
63
409
24
240
981
320
13
368
344
537
83
948
643
438
862
141
881
246
619
672
370
41
316
281
815
941
514
637
92
803
524
564
756
563
336
407
660
417
896
395
562
216
271
295
168
360
615
977
531
911
249
81
783
827
987
922
633
95
110
113
194
461
856
858
366
792
145
895
351
780
725
57
597
227
663
650
226
541
690
100
253
879
455
873
841
309
913
716
592
55
840
22
731
892
282
405
292
805
766
684
677
485
411
176
626
135
31
469
499
733
172
265
138
534
211
923
810
60
462
641
622
646
966
164
350
80
391
930
904
330
267
972
572
636
221
527
588
430
925
740
602
412
452
132
847
600
982
590
681
761
4
546
280
234
511
58
721
692
566
82
939
401
197
601
765
730
631
328
120
773
273
337
704
525
785
718
235
304
898
48
115
859
678
101
342
937
506
973
543
699
535
158
213
772
143
798
732
353
149
864
959
47
842
331
313
490
910
806
653
117
850
500
124
750
795
87
385
711
986
284
269
617
392
701
477
175
664
38
991
325
223
497
771
183
374
634
398
909
759
303
779
148
423
914
706
508
957
553
734
757
958
736
383
268
460
371
35
90
604
270
238
689
181
902
414
404
863
509
620
877
50
472
567
105
494
946
195
128
102
794
513
876
263
397
539
520
187
598
493
965
315
70
162
871
198
595
343
990
473
156
523
20
849
453
845
979
924
844
64
717
357
356
635
251
936
277
422
481
258
918
935
556
210
165
420
874
468
56
786
44
682
218
7
67
907
459
378
866
782
752
359
676
931
645
624
607
358
118
843
486
943
426
196
671
554
137
103
388
927
593
71
933
596
584
86
421
335
202
901
942
657
191
651
386
384
976
963
853
160
865
741
938
824
814
745
482
298
465
314
846
932
19
146
478
802
72
84
379
466
396
341
510
728
655
174
291
418
838
905
868
69
153
441
516
479
394
811
770
111
85
618
848
648
287
294
36
283
744
578
189
68
768
799
559
577
583
669
217
969
908
763
10
236
239
801
606
209
988
180
454
318
833
433
776
52
230
260
691
127
576
416
852
953
119
888
274
817
993
985
286
857
159
43
738
623
186
755
585
568
306
625
203
962
533
818
53
621
354
667
150
319
178
545
495
743
855
821
984
136
581
252
894
929
474
323
26
686
373
661
890
451
726
205
580
819
529
649
312
333
243
685
851
839
507
199
108
498
978
885
171
921
952
836
99
591
34
746
275
467
30
521
968
324
144
822
610
233
960
599
-1
EOF
