TOUR_SECTION
1
261
268
902
35
692
789
928
773
511
602
721
588
452
276
904
234
553
572
765
706
966
972
131
525
957
133
383
350
502
734
600
328
898
330
80
736
757
60
925
982
958
847
391
423
730
641
508
412
675
723
188
363
589
647
9
413
683
489
62
882
742
630
349
813
367
212
398
544
148
509
389
939
38
604
749
39
439
392
536
759
689
914
303
90
634
772
12
656
724
270
325
415
950
798
414
526
546
620
476
909
497
892
859
699
404
143
141
407
351
216
977
253
827
650
485
293
514
180
941
896
643
562
194
541
862
663
271
803
249
660
565
756
83
135
895
320
637
227
127
808
531
295
145
615
190
564
563
841
725
722
177
778
104
912
897
207
852
157
981
533
625
345
857
368
306
764
542
875
512
537
106
867
24
321
747
63
517
948
314
435
560
714
240
815
6
166
409
883
767
775
376
962
953
344
585
390
619
87
269
5
332
456
899
674
573
964
795
75
300
134
711
515
259
670
705
574
408
338
311
112
627
27
654
288
823
364
519
352
884
403
65
603
837
285
916
825
710
355
440
642
944
644
222
475
703
255
903
308
247
900
662
448
139
264
751
548
869
828
989
447
712
248
436
2
387
365
406
201
558
107
305
974
381
915
586
40
302
214
154
694
983
679
237
200
970
700
804
954
569
638
443
688
613
550
530
279
788
192
66
161
830
380
487
665
870
8
152
812
206
835
122
680
462
211
128
791
567
238
343
473
707
493
481
863
918
523
779
513
50
181
784
849
277
357
195
453
70
946
844
693
102
924
877
156
990
598
164
677
292
810
494
780
371
524
733
597
879
622
265
913
716
309
176
460
282
766
646
360
472
105
923
22
172
57
81
684
930
411
534
559
31
805
592
577
840
138
366
55
911
226
405
787
74
961
673
310
393
395
73
796
3
54
549
254
639
231
975
438
429
809
130
142
450
93
471
774
417
266
173
232
182
257
140
242
272
449
540
614
920
708
147
739
919
97
753
570
121
23
878
151
984
495
667
726
136
814
581
894
354
160
323
855
865
649
474
150
252
686
929
159
319
743
890
373
821
26
286
611
457
21
777
934
762
492
769
37
860
612
18
431
463
522
410
14
29
715
632
713
45
834
697
886
594
289
51
369
442
754
116
872
184
307
228
16
652
199
335
839
933
521
593
275
498
921
968
426
952
243
171
978
885
836
108
685
137
196
507
388
655
205
938
976
838
312
418
384
741
52
84
333
853
819
291
963
153
386
72
202
745
776
482
111
901
580
529
661
868
728
905
451
427
793
49
322
458
76
170
326
557
375
571
96
891
301
402
760
496
720
616
434
729
347
906
94
816
992
956
737
555
445
179
831
781
400
91
552
719
109
893
861
317
547
945
629
32
241
437
204
467
421
927
30
746
942
851
645
607
358
657
118
233
768
943
324
610
144
554
103
71
671
843
584
191
46
359
752
459
20
717
845
876
218
829
635
676
979
595
315
64
782
378
871
907
28
682
931
198
67
44
356
4
428
504
640
120
949
401
225
880
220
115
785
382
748
608
273
78
532
800
940
735
299
967
163
372
668
503
339
98
348
681
193
971
256
15
278
377
235
658
132
518
687
740
666
501
399
718
483
631
208
82
695
704
761
446
370
379
19
888
755
298
817
824
621
993
53
41
186
691
119
13
260
178
818
318
985
576
466
203
802
623
396
465
478
932
43
146
274
246
568
738
416
881
846
545
626
68
516
69
578
792
294
394
189
486
441
596
539
162
263
811
85
624
36
217
283
744
187
799
86
965
763
469
908
499
794
648
669
520
479
397
287
651
239
329
664
229
213
771
33
11
88
701
864
126
617
79
477
149
124
732
991
500
331
959
986
385
424
284
47
313
935
290
56
786
258
587
165
262
866
556
936
420
468
854
210
874
251
422
353
175
123
167
750
528
806
842
374
117
543
223
129
197
566
910
215
337
280
590
48
678
535
304
506
155
973
219
937
850
342
58
464
926
709
101
653
490
158
183
296
820
582
822
505
25
7
832
599
960
873
609
89
575
267
169
955
419
334
114
17
636
455
889
561
579
100
807
77
327
480
430
698
340
947
538
250
444
488
659
470
887
221
362
297
605
826
432
690
702
731
951
527
361
245
425
42
491
59
551
61
917
125
790
168
727
185
696
758
224
797
601
606
783
110
461
672
236
858
618
92
95
209
510
969
988
113
336
230
10
174
848
316
922
433
454
583
341
770
801
633
281
987
856
833
34
980
99
628
244
346
591
484
-1
EOF
