NAME : lhk.687867.tour
COMMENT : Length = 687867
COMMENT : Found by LKH [Keld Helsgaun] Sun May 24 22:50:19 2026
TYPE : TOUR
DIMENSION : 187
TOUR_SECTION
1
2
3
4
6
7
5
9
8
12
20
44
16
17
48
11
10
13
15
14
93
92
90
91
18
89
97
96
95
102
99
107
98
28
105
103
104
101
110
118
109
106
100
112
111
122
115
114
121
113
124
135
138
136
125
140
139
137
143
142
126
141
144
148
145
146
147
157
149
155
158
152
151
150
128
129
69
70
127
133
134
29
116
119
117
26
123
120
27
88
68
23
33
22
32
30
73
71
75
72
64
130
131
153
154
160
162
165
159
156
161
166
167
168
163
164
172
171
170
174
173
175
82
169
84
176
177
178
180
183
81
80
86
132
85
83
79
76
74
78
77
87
63
62
59
60
61
65
66
67
38
37
35
45
34
36
31
108
25
24
94
19
21
46
47
40
41
43
39
50
49
42
58
52
51
56
53
54
57
55
185
179
182
184
181
186
187
-1
EOF
