NAME : lhk.2259723.tour
COMMENT : Length = 2259723
COMMENT : Found by LKH [Keld Helsgaun] Fri Jun 12 17:42:39 2026
TYPE : TOUR
DIMENSION : 993
TOUR_SECTION
1
505
378
960
607
46
324
144
233
554
358
191
30
746
610
137
593
335
199
171
853
885
426
968
933
196
921
202
942
584
153
596
768
851
467
397
645
671
676
44
979
189
218
595
871
118
198
493
70
946
473
36
499
64
559
162
622
924
263
677
217
462
282
766
265
105
805
911
145
716
460
913
577
744
472
95
618
856
633
485
799
725
684
524
879
803
405
57
176
22
494
172
534
923
411
597
292
90
641
977
757
736
366
391
234
966
430
588
721
734
600
383
646
35
847
958
880
197
133
412
501
590
898
483
566
511
399
773
337
765
353
973
699
392
60
982
350
957
972
80
452
631
508
730
902
164
810
789
31
360
128
733
309
892
238
138
520
187
181
844
840
211
414
55
343
156
38
779
39
195
509
759
546
689
523
930
325
939
148
634
692
152
706
270
653
656
175
143
497
950
439
404
423
772
303
604
476
149
530
914
389
424
126
33
613
66
916
222
573
279
122
487
475
944
812
355
870
192
830
665
526
398
477
12
798
8
620
536
918
50
481
544
990
877
598
513
688
371
863
453
587
784
415
854
835
707
749
550
680
262
161
258
849
931
567
693
717
845
791
682
357
67
635
277
20
876
829
359
356
290
782
459
315
822
7
832
556
820
420
28
582
177
778
296
25
599
722
104
519
408
352
112
338
364
288
165
786
210
56
866
936
907
422
752
935
874
380
468
311
884
251
654
823
705
27
710
627
247
703
285
574
308
788
825
206
603
65
711
674
363
675
403
903
670
900
644
440
255
489
212
642
367
349
723
9
630
589
813
882
188
683
413
742
62
5
300
332
647
259
75
964
795
515
269
986
837
88
662
959
134
701
864
79
664
724
229
490
909
806
535
771
464
155
280
543
342
859
506
183
374
219
58
213
124
313
47
750
11
284
991
732
500
331
87
456
899
329
842
385
223
101
48
850
158
129
617
117
937
348
709
528
304
377
910
666
115
967
748
446
785
193
518
761
926
123
215
532
167
428
640
571
372
225
256
382
800
729
608
718
940
15
235
78
82
375
678
220
797
4
695
740
681
339
299
781
616
555
735
402
76
91
945
208
301
40
760
302
989
751
214
381
586
445
107
719
893
712
305
915
793
406
970
200
201
954
96
715
869
116
387
237
828
594
934
754
228
632
140
37
21
231
961
410
457
45
443
492
14
872
59
18
569
974
442
326
463
436
365
248
679
317
2
548
109
154
547
992
179
906
170
204
264
737
448
891
831
278
241
434
804
687
89
496
322
956
32
700
694
427
552
983
629
51
361
16
558
638
184
777
369
720
400
538
579
425
401
347
49
889
861
432
636
340
276
527
860
470
561
444
94
551
488
254
727
419
74
17
250
816
887
139
447
834
431
307
42
611
696
713
289
29
769
612
697
762
787
522
809
73
450
753
266
97
975
570
272
182
310
953
471
207
344
6
540
320
130
393
841
663
878
796
54
147
257
920
93
429
739
151
886
77
491
673
758
917
168
919
947
652
142
297
121
807
615
227
61
242
708
815
190
232
417
605
955
659
575
774
731
267
698
553
925
245
609
362
163
480
437
525
334
504
114
503
658
668
949
132
120
557
704
98
330
458
601
971
602
904
328
592
131
273
100
826
327
169
185
221
702
928
572
268
455
271
951
690
125
81
3
351
873
790
502
295
135
987
224
514
83
563
650
756
827
216
639
253
293
23
531
173
775
395
438
660
770
747
194
565
562
407
948
119
240
881
888
321
141
246
897
41
180
802
691
576
932
409
738
63
24
755
817
106
376
435
867
542
767
512
875
127
643
764
157
549
166
390
614
449
560
625
533
962
345
517
203
883
912
857
585
178
619
981
274
43
465
186
319
581
136
855
545
286
354
252
865
623
84
743
160
323
824
667
150
821
984
894
686
929
890
26
373
312
474
495
726
938
580
741
819
72
776
146
814
418
818
159
466
621
53
478
993
379
396
905
298
52
833
314
568
846
19
370
985
260
714
564
808
637
306
368
537
230
606
922
783
541
780
433
454
318
416
249
316
858
336
896
862
852
281
461
941
209
482
801
655
68
838
728
333
745
901
657
868
341
85
669
291
510
988
13
672
113
10
92
239
848
283
626
792
583
895
226
236
965
648
969
763
294
811
469
102
479
578
794
287
86
624
71
843
927
441
516
103
486
963
110
394
174
908
539
943
69
651
386
111
384
421
976
388
529
649
205
661
451
978
498
243
839
108
685
507
952
836
591
275
521
628
346
99
244
261
484
34
980
-1
EOF
