TOUR_SECTION
1
177
599
778
484
346
244
25
628
296
261
582
704
678
748
971
132
483
197
880
412
273
131
399
4
82
330
525
785
566
740
765
631
973
193
115
590
377
120
133
337
692
761
681
773
98
871
459
67
44
165
752
907
936
315
786
46
56
218
251
7
356
829
28
20
595
822
717
676
845
556
635
682
931
378
866
979
874
198
422
832
782
960
820
210
359
40
381
989
974
201
828
107
237
712
869
569
751
436
586
214
139
970
406
679
200
563
808
227
135
190
663
565
615
562
242
541
895
977
725
145
756
564
253
841
81
351
485
271
83
295
293
216
514
650
249
660
409
13
141
41
881
896
194
281
862
260
321
637
888
416
180
246
407
815
803
827
127
531
948
643
320
941
537
465
846
855
53
354
621
623
319
743
159
43
136
821
818
667
929
865
252
581
286
150
160
984
824
894
146
495
545
814
466
927
584
324
851
768
746
645
486
942
191
607
554
943
843
30
657
671
71
610
118
335
233
426
144
421
103
467
358
497
699
772
38
634
798
701
280
536
759
175
143
183
656
476
79
724
909
544
33
398
126
424
392
404
526
149
439
950
859
664
477
939
840
360
176
265
172
57
913
597
592
371
923
879
716
766
292
534
164
460
684
930
911
805
559
405
780
105
524
677
472
31
810
646
577
55
22
309
226
411
733
366
274
568
625
345
993
478
857
517
755
314
585
63
912
119
178
512
985
619
883
203
897
186
981
738
953
691
852
368
817
435
24
775
578
454
189
763
965
283
626
539
669
69
162
86
239
441
516
209
648
856
794
744
294
469
799
618
236
287
908
479
217
606
596
397
85
811
969
36
792
394
344
975
106
390
542
182
157
714
449
266
207
767
875
306
240
533
962
570
540
747
310
450
739
166
140
54
6
764
376
867
560
713
419
289
59
917
361
491
425
51
18
443
609
369
496
245
89
834
470
184
860
886
696
250
94
946
282
849
624
622
924
598
499
211
343
70
876
513
238
844
181
187
523
473
156
493
128
195
102
453
462
520
277
64
263
575
163
538
797
432
636
327
889
826
553
430
951
928
340
328
488
702
480
659
401
503
551
947
444
267
790
601
169
114
504
276
925
887
501
100
185
727
362
221
527
561
552
918
50
12
688
357
481
509
693
749
8
791
779
530
854
415
148
877
914
784
39
303
258
680
990
665
812
152
192
707
414
389
567
270
863
620
121
231
73
673
393
614
395
74
147
961
787
471
549
796
232
93
438
151
708
809
173
130
97
878
919
272
417
753
23
687
532
235
220
718
608
695
348
372
949
256
668
735
518
967
278
666
926
15
446
208
78
339
800
428
940
382
734
898
508
904
721
60
494
502
391
80
383
423
600
789
982
452
958
892
90
689
736
957
641
730
966
602
706
604
234
847
572
757
902
972
35
588
138
268
325
546
511
350
171
498
921
968
839
933
952
885
685
99
199
388
836
108
243
591
521
978
196
137
593
507
34
275
675
456
332
589
964
134
813
413
259
573
367
674
882
188
9
647
630
683
300
723
899
795
363
87
742
75
711
515
349
212
5
403
62
489
611
307
37
492
463
45
762
442
697
754
29
21
594
872
777
612
652
16
769
14
410
457
934
116
228
431
715
522
632
153
838
819
868
386
202
68
580
418
728
901
84
341
745
651
655
72
905
776
963
333
52
938
384
174
111
291
853
482
976
170
558
915
954
2
248
154
96
317
448
447
700
793
629
804
638
49
400
694
326
893
719
445
720
387
109
402
305
365
264
983
302
816
548
737
571
658
555
32
375
781
322
301
241
225
861
76
831
179
91
760
437
891
204
616
956
906
458
347
557
992
547
729
640
427
434
299
945
705
468
112
823
311
161
352
519
627
380
262
288
408
420
364
935
27
884
587
290
670
338
654
835
574
206
440
944
247
122
487
255
837
916
825
66
603
788
613
900
269
279
475
550
710
903
662
644
308
355
830
285
642
65
703
870
222
932
770
801
576
987
318
858
783
316
433
396
922
19
802
848
95
110
113
230
833
298
583
92
988
336
672
510
461
633
10
370
379
807
125
774
334
429
690
297
920
224
605
639
257
77
455
955
873
731
3
698
758
42
17
168
61
254
142
579
312
649
373
26
323
529
741
726
686
890
451
205
474
661
329
304
101
353
991
464
58
385
750
374
123
158
48
229
124
528
937
506
88
500
771
342
490
215
709
213
284
535
219
842
543
617
11
850
117
910
223
313
167
732
986
806
129
331
47
653
155
864
959
980
505
722
104
-1
EOF
