NAME : lhk.2237542.tour
COMMENT : Length = 2237542
COMMENT : Found by LKH [Keld Helsgaun] Sat May  2 14:06:59 2026
TYPE : TOUR
DIMENSION : 993
TOUR_SECTION
1
25
599
820
832
582
165
866
7
556
874
935
251
262
420
258
161
752
422
786
195
863
936
192
791
990
567
779
156
849
198
453
918
845
871
717
907
587
28
20
290
378
210
459
960
56
296
822
829
682
635
782
315
356
64
44
70
473
931
493
876
277
181
946
67
844
343
513
211
481
812
389
784
693
8
152
357
689
749
620
634
50
414
892
877
148
646
494
840
80
930
477
303
509
39
526
149
656
536
270
35
90
31
641
600
268
757
724
330
692
143
175
511
439
544
806
126
476
392
38
404
772
550
688
830
12
355
665
308
825
415
823
279
222
380
710
468
530
627
884
854
835
574
705
27
112
654
364
519
352
288
703
338
311
670
408
247
788
903
644
285
65
367
349
255
489
9
212
647
589
363
630
813
723
882
62
683
188
75
515
300
269
332
675
964
742
900
413
674
259
5
573
456
87
795
134
899
986
771
711
88
122
944
603
916
662
642
440
475
403
837
870
33
206
680
613
487
66
842
398
701
424
497
664
950
759
535
280
506
79
508
957
234
483
910
909
197
765
412
699
904
798
706
546
452
730
383
902
736
734
597
958
227
972
224
502
847
721
501
889
273
702
60
588
982
423
362
325
337
636
727
276
4
133
525
350
773
553
898
704
566
859
220
653
973
229
353
374
528
213
926
58
183
500
47
223
167
124
543
939
617
490
991
959
750
385
11
331
464
284
329
313
864
732
129
155
117
342
215
158
123
219
101
785
937
735
850
678
590
761
48
748
115
399
377
666
740
880
861
681
518
131
348
120
967
339
132
193
446
428
709
718
304
235
940
532
800
695
668
831
434
571
547
241
954
179
629
737
804
301
586
915
40
989
214
869
720
406
548
107
712
305
184
679
248
302
970
558
139
463
18
425
787
410
14
250
317
609
713
264
201
638
381
204
694
751
983
154
828
569
365
200
719
437
109
700
49
402
793
616
891
427
76
893
445
448
956
458
89
225
906
91
729
555
640
170
608
32
299
78
760
208
372
382
992
15
971
949
98
256
687
278
347
361
322
945
552
557
797
163
504
947
503
401
631
455
602
601
327
82
951
432
430
480
488
340
17
696
328
96
169
59
579
925
551
491
698
807
527
928
790
731
185
826
334
42
538
796
444
51
841
253
297
267
575
663
168
438
3
271
873
293
955
419
592
966
100
572
690
605
879
172
565
911
145
615
351
756
941
563
922
344
531
815
881
977
852
650
249
260
803
216
660
783
370
454
770
827
230
618
583
433
316
633
336
801
13
281
95
141
63
368
435
747
738
953
585
345
166
775
119
981
537
130
888
23
533
619
321
157
180
320
862
948
672
127
858
407
643
564
514
450
83
541
549
562
637
125
295
395
242
310
254
762
190
121
540
257
878
808
173
142
919
429
673
393
758
961
93
61
232
449
708
182
272
29
570
147
614
471
369
769
151
207
97
860
21
886
45
659
611
77
470
114
221
375
245
781
326
658
496
400
2
443
94
816
887
561
639
774
289
917
934
228
697
652
594
777
447
116
237
834
715
436
492
872
457
632
442
754
387
974
16
431
612
37
753
522
975
140
307
739
74
809
73
240
231
390
920
714
417
54
246
542
625
194
867
306
512
897
6
767
266
106
875
560
962
376
24
764
883
912
857
568
846
409
186
178
314
818
993
621
286
814
855
581
984
252
929
726
136
474
686
312
373
890
661
205
741
160
323
26
821
418
743
824
894
146
495
545
274
819
938
865
291
386
466
580
72
649
19
354
817
203
667
416
396
478
465
159
319
150
53
43
576
691
41
517
318
755
623
985
802
932
84
482
153
341
379
298
441
963
52
848
905
745
988
744
209
461
669
516
596
606
469
36
113
85
510
283
896
92
10
110
677
792
236
485
81
164
226
135
725
405
789
360
22
895
292
366
309
460
138
238
391
559
176
716
987
577
856
684
780
805
371
105
913
265
57
604
923
462
102
914
707
810
523
128
282
472
598
524
499
55
766
534
794
799
969
263
520
217
294
622
86
578
626
733
187
411
162
965
394
908
103
811
651
655
68
763
174
479
833
648
838
776
901
976
335
111
239
728
202
388
657
943
685
868
942
421
384
333
529
978
451
507
498
171
137
199
243
885
108
839
853
952
933
921
746
196
144
671
30
118
426
584
191
851
554
645
968
768
71
539
189
607
69
486
924
624
927
287
843
218
979
397
595
676
233
324
46
359
358
593
610
467
275
34
591
836
521
99
244
484
628
346
980
261
722
104
778
177
505
-1
EOF
