TOUR_SECTION
1
591
980
628
346
34
261
521
484
244
99
722
541
531
895
827
320
563
808
565
127
249
977
756
145
660
194
295
941
922
841
896
564
83
216
637
351
643
803
514
562
987
828
989
40
214
381
406
107
237
436
201
712
751
679
869
139
586
719
170
2
365
638
387
983
915
109
264
720
737
448
445
305
49
96
694
302
793
548
154
569
970
248
629
326
402
700
804
317
893
200
447
954
400
816
427
32
299
992
458
861
434
956
375
831
760
204
571
347
616
91
547
241
555
658
557
437
301
945
76
781
891
208
225
729
640
179
906
322
100
636
698
758
951
480
488
430
185
444
527
163
169
659
790
501
551
267
887
702
552
327
340
538
334
328
401
276
561
797
947
826
727
889
925
504
579
553
362
601
221
928
114
609
503
432
967
167
215
219
735
800
372
785
695
256
382
78
278
4
718
666
15
971
98
608
532
940
377
123
120
348
949
235
220
428
446
748
518
668
339
709
880
850
761
926
687
291
963
418
905
384
745
202
655
819
52
84
838
938
776
580
976
853
728
111
72
868
153
386
482
901
333
62
87
662
349
489
683
475
515
711
363
630
212
573
367
75
188
882
813
9
589
269
964
837
134
300
332
795
647
5
413
456
403
723
944
642
899
742
675
259
674
890
205
741
649
451
661
529
686
474
312
726
323
373
26
306
416
314
260
141
517
755
775
368
407
862
13
41
747
817
409
888
691
948
953
815
157
537
881
63
619
321
119
852
180
246
886
834
94
116
917
974
245
369
18
558
934
425
443
59
713
496
463
289
89
51
361
470
184
696
250
102
397
598
520
811
794
189
965
85
856
454
624
618
744
283
36
469
578
217
799
162
499
86
622
969
287
187
263
924
282
626
792
978
593
108
275
388
335
199
921
507
933
968
498
171
137
885
243
196
839
952
584
426
685
836
854
946
907
64
717
567
481
473
876
845
211
990
67
863
357
493
936
453
844
849
918
20
871
258
195
422
70
156
343
693
277
462
181
523
791
513
198
130
376
614
231
438
449
272
147
6
708
393
54
310
182
417
395
266
390
23
560
875
975
542
540
570
739
207
344
753
140
878
106
173
767
549
714
471
764
166
240
450
73
867
851
669
651
441
768
657
479
486
539
69
103
596
174
908
516
394
763
68
294
341
239
191
648
943
421
942
464
699
959
535
353
859
864
806
424
58
617
329
155
304
543
101
506
500
385
528
986
991
842
950
213
772
48
47
331
124
88
313
759
129
374
284
183
937
11
653
342
175
477
798
158
732
910
701
497
223
229
750
490
771
149
117
664
455
190
575
955
61
690
873
572
592
663
17
253
227
224
731
615
605
879
293
807
271
725
125
650
297
274
993
962
435
568
43
478
738
897
203
985
186
178
533
345
818
883
912
512
625
585
857
465
981
24
210
290
582
165
296
104
866
28
356
778
960
7
822
782
682
420
599
874
832
505
25
459
786
820
752
56
829
556
251
177
136
621
814
150
466
821
159
354
846
824
319
743
623
667
894
160
545
53
984
286
581
855
929
252
146
495
865
29
16
715
594
37
872
777
442
612
228
457
652
492
410
45
697
14
307
611
522
762
769
632
21
754
431
961
233
746
44
30
554
931
607
467
71
315
46
610
595
118
927
378
144
979
671
676
843
358
218
324
635
645
359
360
226
534
81
923
31
766
172
105
677
292
135
684
780
405
57
485
371
911
810
733
309
265
128
805
559
176
716
411
238
55
460
164
236
597
524
472
913
577
22
366
74
774
97
93
429
168
920
860
787
42
3
121
673
257
151
796
491
419
232
639
77
142
809
254
242
919
336
433
95
298
379
230
848
370
672
209
316
318
10
858
783
802
396
606
988
576
932
19
110
801
281
461
113
633
510
833
92
583
770
710
338
603
935
288
519
262
308
884
903
161
825
380
823
574
192
440
112
627
587
311
255
835
916
644
900
247
355
408
705
27
788
364
352
703
279
65
285
654
670
468
222
704
133
602
280
939
412
273
330
115
898
423
82
631
452
197
337
483
566
193
765
740
957
131
399
773
973
692
590
681
525
982
132
678
90
508
646
757
721
840
60
706
604
546
588
35
641
730
391
736
511
502
902
325
634
734
268
689
600
904
892
958
847
789
972
138
930
966
494
350
148
234
80
383
830
143
476
620
392
877
688
544
680
398
66
656
389
152
526
509
613
39
909
536
749
8
812
33
487
415
530
724
206
122
270
404
38
665
784
126
303
550
870
914
779
707
79
50
12
414
439
-1
EOF
