NAME : lhk.2272655.tour
COMMENT : Length = 2272655
COMMENT : Found by LKH [Keld Helsgaun] Sat May  2 14:06:59 2026
TYPE : TOUR
DIMENSION : 993
TOUR_SECTION
1
177
25
722
104
820
778
599
296
7
832
505
582
786
420
935
210
866
356
290
556
192
468
788
587
338
823
27
112
247
311
255
916
530
835
285
884
603
680
380
65
161
863
784
415
8
870
258
12
544
389
665
688
710
39
707
206
620
536
476
656
487
398
392
79
749
724
550
66
222
644
279
830
308
944
440
627
900
703
670
408
364
288
705
262
654
519
574
352
489
9
723
882
630
349
589
367
300
675
683
332
62
813
188
647
674
795
964
259
329
899
456
515
711
88
413
75
742
5
662
269
403
212
363
475
355
903
613
825
642
134
837
122
126
33
617
124
47
573
149
986
910
701
284
87
331
732
864
48
304
129
158
117
750
215
223
748
518
78
123
735
167
446
299
372
382
785
880
940
967
235
926
220
850
219
709
806
528
101
213
959
313
385
500
464
771
991
772
229
439
477
424
11
353
950
653
404
664
543
143
497
183
58
842
937
535
490
342
374
337
155
506
566
525
699
939
175
508
765
590
966
452
600
689
350
268
898
362
412
904
889
731
527
575
601
502
100
483
169
503
631
902
399
197
666
826
681
800
163
245
847
114
32
340
185
949
579
501
553
861
330
339
193
132
971
740
273
773
131
35
736
704
957
80
115
706
678
4
973
761
532
133
658
377
718
98
120
82
428
348
278
256
702
945
241
561
557
347
640
458
401
552
496
375
327
983
49
569
571
687
797
326
608
504
695
956
992
668
434
208
301
616
427
15
322
225
91
816
760
179
170
547
906
629
804
720
737
448
548
893
970
586
40
954
317
891
204
729
555
76
679
402
2
915
302
381
694
94
638
400
387
200
264
831
365
447
793
51
445
248
463
437
719
305
834
18
237
917
139
443
974
712
107
201
109
828
869
214
989
154
436
777
406
751
431
872
594
769
457
754
37
713
700
96
558
14
59
250
781
551
184
470
432
860
125
934
673
221
419
609
89
42
142
488
491
17
886
168
774
650
224
455
444
636
925
538
698
947
951
334
790
887
758
430
727
721
361
480
276
955
267
328
605
22
690
592
309
351
55
292
366
572
577
840
598
646
766
716
105
460
164
578
462
524
792
744
485
239
102
472
283
411
187
36
927
596
486
189
217
626
68
294
908
287
539
394
421
905
479
768
441
516
69
10
85
965
763
794
669
209
868
113
174
454
316
514
110
141
637
801
922
672
895
510
249
833
848
336
606
583
19
370
433
655
803
755
660
246
691
230
260
537
862
180
119
815
41
764
576
932
390
747
127
881
565
320
321
344
145
295
564
563
827
135
643
852
802
216
407
783
92
856
969
987
780
858
941
618
469
95
770
236
172
725
733
799
405
911
282
253
684
226
677
265
633
977
190
293
541
61
663
176
194
879
271
438
615
81
227
756
531
562
896
807
242
395
873
74
232
257
207
3
639
659
77
796
429
920
393
116
289
369
611
297
425
97
809
45
696
307
16
919
410
762
614
522
442
652
715
228
492
29
140
632
961
147
697
73
272
417
767
753
878
173
23
231
808
612
867
787
471
254
121
151
549
708
93
130
560
449
6
883
975
182
310
21
570
714
266
166
739
542
875
857
897
435
345
962
625
512
106
775
157
376
953
540
450
83
841
619
306
314
54
240
13
517
465
478
568
24
738
855
203
621
53
912
993
846
814
667
319
545
186
286
43
585
63
368
416
533
948
888
281
409
817
981
396
318
379
482
988
985
776
418
466
818
160
623
178
146
274
298
824
159
252
150
581
354
495
894
136
821
929
984
323
686
373
661
890
741
312
649
474
26
726
84
865
743
938
819
52
838
333
853
451
978
205
529
384
685
202
111
657
153
745
963
291
976
461
72
728
580
341
651
103
901
386
968
243
648
943
191
584
86
263
71
645
144
595
459
624
520
118
397
473
64
277
162
493
523
622
211
70
453
871
791
717
50
195
946
238
849
128
357
924
844
805
811
559
181
513
534
499
31
877
810
148
343
892
923
494
604
511
138
588
930
602
958
597
391
757
360
57
982
928
730
972
270
60
913
325
234
38
692
734
423
280
634
546
859
909
798
812
759
526
914
383
90
789
414
156
641
509
371
779
303
693
422
567
152
918
481
20
251
854
936
990
198
874
218
67
44
907
979
876
843
829
28
845
931
635
682
165
56
960
752
46
782
521
610
607
30
942
746
671
378
324
822
358
359
676
315
554
233
467
196
839
335
388
851
108
199
507
171
498
921
885
137
426
952
933
593
275
34
836
591
99
628
484
244
261
346
980
-1
EOF
