TOUR_SECTION
1
99
346
34
244
261
238
577
31
211
105
892
913
462
181
622
598
90
923
265
766
930
840
733
55
472
282
534
810
523
371
128
242
562
142
615
224
3
297
271
77
257
253
663
455
639
429
873
17
216
61
841
920
650
125
690
807
774
808
190
955
168
254
227
293
183
79
175
634
939
859
337
699
477
476
759
497
950
33
798
664
392
143
724
404
149
656
280
772
909
978
584
836
554
137
507
171
498
108
851
671
839
952
275
426
388
610
30
942
933
199
593
885
467
968
243
921
746
685
196
335
691
314
883
533
867
376
512
962
747
912
24
306
106
344
755
157
537
542
6
981
714
560
41
166
119
857
875
321
619
435
368
345
775
517
852
764
815
585
203
625
738
953
409
897
240
63
104
960
582
778
722
820
296
25
832
505
7
177
599
135
172
485
176
292
780
22
677
226
57
597
351
309
895
541
725
977
524
805
716
911
411
164
360
81
366
879
559
405
460
684
145
236
856
267
659
538
592
572
928
328
972
889
133
925
100
553
702
114
602
601
276
636
575
951
605
790
966
731
502
221
362
588
527
661
580
202
529
819
312
386
976
205
84
838
384
451
776
72
901
418
333
853
745
741
393
796
173
878
151
449
93
23
121
438
97
231
673
614
767
272
753
73
787
130
310
266
140
471
450
232
961
395
54
417
147
739
919
74
390
570
182
540
708
549
809
975
207
536
148
914
877
544
12
530
620
415
270
526
414
688
50
779
398
303
812
665
680
784
749
439
389
152
509
39
689
8
707
38
604
621
846
465
824
466
545
817
568
186
818
985
274
478
623
932
855
379
286
814
43
298
178
354
252
482
396
993
19
146
318
159
150
938
53
319
667
581
136
865
984
821
890
726
160
474
373
894
649
323
26
495
686
929
743
763
174
209
69
596
988
908
341
68
510
52
868
421
943
479
441
394
768
239
655
848
648
461
657
728
963
905
153
103
291
606
669
651
191
516
111
300
882
964
5
489
813
212
573
9
795
403
332
674
647
75
363
683
711
723
456
367
675
413
589
62
630
349
259
188
742
751
443
436
305
248
448
970
828
40
107
548
96
214
264
915
804
139
700
302
569
406
558
954
679
400
109
737
2
869
816
317
381
200
719
694
237
638
387
154
974
365
586
989
447
201
983
712
370
770
141
249
416
281
827
637
180
672
194
110
10
888
316
896
802
230
95
633
862
565
987
881
127
113
948
643
563
922
295
514
13
407
83
833
564
260
803
92
801
783
320
756
531
583
858
336
941
660
246
576
433
289
184
45
715
492
652
228
697
754
934
769
713
834
457
632
860
442
463
29
522
116
612
886
14
18
611
21
369
16
37
872
594
307
51
777
762
410
431
378
595
118
71
979
931
607
324
218
676
843
46
144
459
358
233
645
44
359
782
635
752
315
829
682
876
56
927
28
356
822
880
377
483
193
339
748
504
401
631
197
120
949
681
704
525
220
82
773
4
761
115
412
590
98
503
765
132
399
501
740
273
131
430
785
971
163
330
893
326
729
831
616
179
458
170
32
557
760
347
720
427
629
571
956
434
547
76
241
891
793
437
555
301
945
322
861
445
375
992
204
402
906
91
670
408
165
935
468
27
420
112
587
574
161
654
288
380
874
352
835
311
556
884
519
823
262
338
705
627
290
364
15
800
940
428
225
687
235
348
666
278
608
372
640
299
518
208
658
668
735
78
382
446
718
256
967
532
695
391
423
546
958
706
982
692
325
734
60
35
234
847
383
646
902
904
736
268
511
138
80
957
350
494
730
600
452
757
789
898
721
641
508
340
250
42
89
425
361
444
470
579
609
561
488
491
781
169
245
552
94
419
327
917
496
185
480
727
696
59
797
432
49
947
887
758
334
698
826
551
85
86
189
294
965
217
626
397
924
539
618
454
287
263
469
499
187
969
102
486
799
811
283
36
624
792
578
520
162
794
744
269
662
255
487
279
703
440
837
475
825
308
830
206
126
900
285
642
122
788
222
603
644
65
247
550
613
710
66
903
355
944
870
916
566
219
506
48
678
926
342
910
528
101
464
155
223
543
117
973
490
123
750
709
158
374
304
167
535
937
842
215
806
353
850
653
129
58
195
64
871
717
67
20
251
513
277
791
357
192
70
854
844
936
481
946
473
210
343
990
907
493
567
693
422
918
156
786
258
866
198
845
849
453
863
213
732
47
313
88
87
617
991
229
500
515
284
331
986
11
899
424
134
701
329
771
959
124
864
385
521
484
628
591
980
-1
EOF
