NAME : lhk.603350.tour
COMMENT : Length = 603350
COMMENT : Found by LKH [Keld Helsgaun] Fri Jun 12 17:47:09 2026
TYPE : TOUR
DIMENSION : 164
TOUR_SECTION
1
2
3
116
4
6
11
7
8
10
15
16
9
14
13
18
17
21
12
5
124
126
132
127
130
125
129
133
128
20
131
23
136
28
24
19
22
135
25
26
29
33
27
139
137
36
34
156
159
158
157
30
138
134
144
141
140
147
146
155
143
150
149
145
148
60
62
71
41
32
37
38
31
35
67
40
39
64
66
65
69
63
70
72
74
68
75
76
78
73
79
80
89
77
82
86
83
81
93
94
91
92
101
53
95
99
98
90
97
100
96
88
102
107
104
103
106
105
108
109
43
110
111
112
44
45
49
50
52
51
54
55
58
154
46
152
84
56
59
47
85
87
61
153
151
123
122
142
121
119
117
118
57
120
114
115
48
113
42
160
161
162
163
164
-1
EOF
