NAME : lhk.596809.tour
COMMENT : Length = 596809
COMMENT : Found by LKH [Keld Helsgaun] Fri Apr 10 17:25:19 2026
TYPE : TOUR
DIMENSION : 162
TOUR_SECTION
1
8
2
7
139
132
133
134
138
135
129
131
130
127
128
122
123
126
10
9
82
84
12
121
11
124
125
81
83
80
85
109
87
86
111
110
112
113
88
108
114
115
118
106
117
89
107
116
90
91
92
93
70
94
97
95
105
104
98
101
103
96
52
54
100
53
50
56
102
99
51
55
49
44
48
47
40
41
43
46
45
42
39
38
35
37
36
33
30
34
29
31
24
22
154
155
27
26
25
6
28
57
23
32
76
75
74
73
64
61
71
72
69
119
62
68
65
77
59
63
120
18
17
66
137
136
16
15
60
14
13
19
78
20
67
58
5
21
4
143
79
140
3
141
142
147
144
145
156
148
149
150
146
152
153
151
158
160
159
157
161
162
-1
EOF
