NAME : lhk.2203738.tour
COMMENT : Length = 2203738
COMMENT : Found by LKH [Keld Helsgaun] Sun May 24 22:56:36 2026
TYPE : TOUR
DIMENSION : 993
TOUR_SECTION
1
599
104
582
778
296
505
820
177
25
782
218
46
356
315
359
233
676
927
657
486
578
946
86
843
118
539
144
287
162
624
768
811
85
294
669
744
969
606
856
763
69
868
394
988
19
564
379
454
932
209
938
52
576
298
838
316
318
396
770
922
92
801
416
852
145
562
514
13
314
180
633
881
783
83
320
565
756
827
896
95
583
370
531
803
295
677
848
433
230
57
485
164
265
236
411
36
618
135
239
461
858
110
672
113
217
626
283
924
794
792
559
499
397
343
965
128
520
263
595
635
607
844
64
493
645
822
876
44
251
960
56
28
829
931
874
752
277
845
513
979
849
357
907
67
198
871
717
791
156
481
473
371
622
918
472
187
181
189
102
810
780
684
977
541
840
598
892
577
733
282
211
646
523
462
270
534
238
360
604
526
234
957
414
909
303
620
707
152
688
784
812
439
863
990
693
31
325
689
148
268
913
567
70
195
779
923
8
453
50
380
854
877
749
550
788
12
680
79
665
404
39
536
38
398
656
870
487
916
279
837
65
206
603
903
530
823
415
884
308
192
468
161
338
935
587
20
936
258
866
459
422
682
378
7
832
556
420
786
290
165
210
262
627
285
835
574
830
710
247
222
703
589
475
662
900
644
705
112
408
27
288
311
654
519
364
352
670
489
9
403
882
813
675
212
630
723
647
62
363
367
259
899
413
456
349
300
742
5
515
674
795
188
134
87
711
331
47
75
944
986
959
573
964
683
355
332
642
255
126
440
825
122
269
701
617
864
284
342
329
88
464
500
129
229
124
117
653
842
123
158
528
313
750
385
937
155
850
48
304
215
490
58
101
910
374
219
353
732
535
213
664
991
806
973
613
859
149
424
33
497
771
66
724
476
950
477
509
772
389
798
11
759
506
785
543
939
183
704
197
678
4
501
337
483
273
131
525
702
339
163
861
527
956
114
98
480
133
347
412
430
605
391
601
972
730
193
399
35
925
898
330
773
765
82
452
132
223
566
175
982
914
423
699
757
602
930
392
280
928
350
267
847
631
721
902
90
383
508
641
706
544
734
692
958
634
143
22
597
546
60
55
366
789
600
292
904
736
502
224
226
309
460
172
511
80
805
725
138
799
615
351
895
766
176
216
524
190
987
879
127
105
227
405
81
716
592
790
588
494
362
491
731
911
276
966
740
328
889
572
698
659
100
636
538
42
575
221
951
59
245
432
947
327
906
797
826
561
340
89
361
463
448
250
804
552
887
248
609
700
302
139
816
116
264
694
586
989
737
406
719
32
496
204
629
365
893
447
49
880
891
458
557
666
169
91
470
553
992
681
444
15
718
78
748
220
532
377
401
428
971
949
658
616
640
179
375
800
945
256
518
115
278
709
590
926
120
940
235
167
668
761
348
687
372
382
967
735
695
299
555
208
729
760
608
241
322
504
109
793
547
225
427
831
437
402
301
915
569
434
107
720
571
446
170
76
94
970
400
869
445
200
214
954
828
548
679
154
381
201
237
712
713
436
40
974
751
443
983
777
29
611
558
638
305
77
18
696
317
917
872
834
2
754
457
860
425
96
429
488
886
955
326
185
184
579
758
551
51
781
727
503
334
873
61
125
293
253
639
455
297
796
271
690
517
249
417
862
775
10
888
281
815
407
637
119
948
560
157
512
141
203
106
166
306
376
409
660
438
254
650
807
395
393
194
841
93
941
643
450
173
920
3
563
808
663
762
168
419
97
17
142
919
369
774
697
289
45
614
549
787
121
673
471
151
739
231
147
878
232
240
867
708
449
767
753
37
73
307
74
21
431
522
809
14
410
594
652
492
387
16
934
769
228
442
715
612
632
961
23
182
533
54
975
140
266
242
130
310
257
764
207
962
272
619
714
540
585
625
63
435
345
857
883
818
186
623
43
897
738
993
465
912
981
875
390
747
537
953
542
570
344
6
755
24
246
985
817
321
368
260
178
41
482
691
336
478
354
568
286
846
466
776
814
160
252
146
274
667
319
150
621
824
53
545
495
136
581
855
821
984
929
894
890
686
474
323
726
743
159
819
741
661
373
26
451
312
333
384
978
580
649
205
655
386
418
865
802
745
72
111
651
905
833
648
84
469
728
341
174
510
153
291
901
908
963
479
516
584
68
942
441
976
421
596
853
202
243
529
498
885
836
137
952
507
968
933
839
851
921
171
388
108
103
335
685
275
324
426
199
943
71
191
554
671
467
358
196
610
593
746
30
591
521
34
99
346
628
244
484
980
261
722
-1
EOF
