TOUR_SECTION
1
261
599
296
177
244
346
722
25
778
628
484
104
505
825
222
603
900
279
65
161
884
364
440
468
255
788
112
338
285
247
519
903
705
835
644
627
355
823
670
311
703
710
27
935
352
654
408
380
574
308
916
288
262
407
83
249
896
803
643
320
637
295
514
564
531
808
562
756
660
127
194
827
565
941
563
216
297
639
455
774
257
650
190
227
125
615
873
663
3
224
920
690
429
242
17
271
293
142
168
955
61
807
254
253
841
107
869
365
679
915
548
40
447
970
737
448
2
381
248
301
406
638
200
828
720
445
264
569
154
700
694
719
629
954
96
302
712
983
317
793
402
586
305
989
400
804
816
214
170
109
256
372
193
704
428
98
532
273
735
631
15
377
971
115
235
348
800
4
197
740
78
949
120
82
967
339
220
926
131
132
880
748
718
483
666
940
382
785
761
525
678
278
590
518
487
404
870
909
389
724
749
950
477
38
830
415
33
914
126
536
79
152
526
12
509
66
620
414
476
772
680
39
497
122
812
798
688
206
613
656
303
664
398
149
550
439
530
544
665
715
29
652
697
632
522
410
594
769
21
37
872
611
457
45
612
442
431
492
307
762
205
333
890
323
726
160
819
418
373
312
26
661
474
686
741
649
529
451
195
854
343
784
192
181
156
513
198
567
946
523
936
357
707
277
258
453
587
990
473
481
863
70
877
8
693
849
918
791
422
427
906
956
658
668
547
204
458
861
616
437
571
992
241
831
299
91
891
945
893
208
179
446
32
557
322
347
687
375
608
225
555
640
729
434
760
326
695
76
211
270
604
462
472
622
148
840
913
577
534
930
138
733
810
55
238
494
371
105
31
128
892
268
282
766
646
923
90
265
50
779
902
35
452
692
706
898
511
699
957
641
759
757
566
280
765
325
80
423
736
234
973
508
546
392
773
982
939
60
634
730
330
859
175
689
383
143
337
818
72
274
146
43
776
53
865
84
298
993
846
466
178
824
814
478
545
286
623
938
568
621
985
465
482
250
59
245
419
361
887
698
470
917
491
834
77
89
551
425
432
496
42
94
886
51
696
860
334
609
758
579
369
289
981
897
368
435
186
962
775
585
533
883
345
953
314
24
625
857
738
63
512
912
542
619
517
203
162
263
397
36
499
578
794
843
102
799
520
792
924
844
294
189
811
493
187
283
624
287
908
598
626
486
217
71
744
86
539
85
118
965
672
770
583
618
856
10
763
441
110
516
833
606
848
461
633
969
988
922
92
454
209
801
316
987
669
510
858
469
433
113
95
783
552
340
681
504
702
114
169
185
362
221
49
480
399
826
327
947
501
727
503
444
781
797
430
163
488
659
561
951
401
655
963
69
421
174
838
943
239
868
291
768
728
384
68
901
942
596
52
905
341
580
745
853
191
651
976
394
153
335
386
202
479
648
111
657
103
882
5
589
573
403
813
683
332
75
259
212
87
269
9
647
349
489
515
711
723
837
642
662
964
134
944
795
62
475
630
413
367
300
456
742
899
674
363
188
675
46
832
786
315
290
717
931
829
165
866
356
960
56
595
218
682
64
635
822
459
820
845
676
782
358
907
210
28
44
7
871
556
420
378
20
67
752
874
876
645
251
359
607
979
777
228
934
713
14
463
443
18
974
116
16
387
237
754
139
201
558
436
751
184
925
360
553
790
133
605
904
572
527
350
602
100
592
412
267
928
734
966
502
575
721
889
972
636
391
731
958
600
789
847
328
538
601
588
276
310
417
714
815
747
376
182
321
409
240
867
875
344
570
540
106
157
560
537
166
6
306
438
450
764
130
54
207
767
390
855
581
984
667
150
743
252
821
136
929
159
495
894
319
354
932
19
948
852
260
119
141
416
246
13
817
336
180
691
755
230
802
41
881
318
281
370
576
379
862
396
888
593
921
199
685
243
610
275
591
554
108
968
388
584
137
927
851
144
521
467
839
933
952
324
507
30
34
836
978
233
671
171
99
885
746
498
196
426
732
155
374
331
864
284
506
117
750
850
342
464
543
223
991
842
101
653
183
617
910
129
124
385
528
47
937
123
167
88
701
229
48
213
806
353
490
709
329
58
986
11
219
535
959
158
771
304
500
424
313
215
292
135
541
524
226
559
879
411
172
164
236
22
597
805
366
780
677
911
351
725
684
405
460
145
716
485
176
977
895
57
81
309
23
393
232
449
961
140
272
395
151
121
708
147
919
673
739
878
97
809
787
231
471
73
93
753
74
614
975
173
549
266
796
980
582
-1
EOF
