NAME : lhk.578143.tour
COMMENT : Length = 578143
COMMENT : Found by LKH [Keld Helsgaun] Fri Apr 10 19:15:26 2026
TYPE : TOUR
DIMENSION : 148
TOUR_SECTION
1
83
84
73
82
72
71
74
80
76
77
78
75
85
87
86
41
37
38
50
40
44
36
43
45
46
49
70
69
68
67
66
64
63
65
57
59
58
56
55
61
62
60
54
51
47
48
42
53
52
30
32
27
104
26
24
21
39
28
23
20
19
25
90
88
89
17
18
93
92
91
95
97
96
94
98
99
101
102
22
103
100
105
107
106
111
12
113
13
9
108
8
7
110
109
116
130
2
112
16
15
10
11
132
133
134
135
136
137
138
139
140
127
121
128
129
124
123
122
125
126
131
6
5
14
3
4
120
118
33
114
29
115
117
34
31
35
81
144
119
79
145
143
142
141
146
148
147
-1
EOF
