NAME : lhk.2229952.tour
COMMENT : Length = 2229952
COMMENT : Found by LKH [Keld Helsgaun] Mon Apr 20 23:40:37 2026
TYPE : TOUR
DIMENSION : 993
TOUR_SECTION
1
34
521
591
99
836
885
275
584
593
426
839
335
421
968
199
921
978
137
952
171
498
108
388
202
685
942
507
243
384
853
333
312
451
529
205
741
661
686
890
373
474
26
726
649
160
386
418
819
111
976
580
745
848
72
905
838
52
370
298
728
461
888
510
316
648
868
230
965
633
194
454
433
95
987
827
922
180
127
564
803
932
801
13
833
881
336
988
10
19
84
938
354
985
186
817
855
824
576
146
396
482
466
901
776
814
865
743
623
478
159
667
846
286
53
274
319
150
252
993
929
545
323
136
894
984
821
495
581
621
912
43
818
203
465
178
691
738
106
585
24
897
207
857
345
755
714
246
435
537
542
407
416
948
981
953
41
318
815
281
568
802
379
141
531
110
119
852
619
113
643
862
770
565
858
260
780
783
873
941
690
253
190
807
227
295
663
563
541
955
455
168
841
650
896
83
920
540
660
417
320
637
314
368
157
409
321
549
306
517
54
272
344
747
376
166
390
240
140
961
6
775
63
450
883
533
625
764
962
512
560
182
875
753
266
614
232
73
449
310
808
23
767
173
867
471
45
491
393
231
739
919
438
878
708
93
130
731
216
639
3
562
297
224
659
774
289
169
221
561
17
77
89
250
432
369
425
42
61
419
886
579
29
697
242
395
97
570
151
257
293
796
121
860
429
787
809
975
147
37
21
632
228
612
522
457
431
410
611
762
14
94
254
74
594
307
652
492
769
715
18
463
443
872
116
442
713
834
673
974
142
51
59
696
488
887
551
658
917
470
727
951
572
588
790
636
267
947
271
605
538
276
615
351
698
334
879
592
328
600
125
524
602
164
391
511
80
730
966
383
502
138
31
268
646
292
597
176
81
725
913
766
810
805
911
523
226
577
265
534
102
520
622
799
559
283
371
485
135
57
494
366
22
405
684
249
514
756
92
977
309
55
460
411
744
172
145
618
669
209
606
672
895
811
969
174
499
217
792
716
162
856
187
794
191
876
763
539
86
71
479
294
36
85
236
583
469
516
578
657
626
69
239
441
651
394
341
596
655
153
963
291
851
933
908
768
943
68
103
144
554
927
30
746
196
671
843
610
324
635
233
467
607
359
595
358
378
356
960
822
782
829
682
44
20
820
56
556
874
752
420
866
165
251
311
210
654
290
380
161
28
422
67
27
587
415
854
468
918
835
788
825
710
823
338
262
935
884
670
308
900
644
247
440
255
222
703
65
903
122
355
530
33
613
944
550
812
870
79
279
914
830
509
688
544
192
487
258
620
693
357
481
707
453
513
195
282
473
238
343
907
263
936
198
717
871
931
845
459
979
46
315
486
676
645
189
218
844
397
924
287
118
64
946
493
677
624
277
156
211
70
840
892
128
462
923
598
733
689
181
567
849
414
863
152
604
791
779
148
749
472
50
930
877
789
105
925
904
392
360
90
566
740
958
641
412
575
982
898
928
480
847
452
527
350
193
100
340
553
702
889
245
758
401
361
82
609
114
501
430
185
362
681
483
399
131
957
773
133
939
699
330
692
972
423
535
765
704
736
342
353
215
304
374
543
678
506
842
48
709
926
348
167
158
123
590
532
197
235
800
748
761
163
377
806
785
880
132
428
220
971
98
729
339
861
631
831
893
299
434
375
76
616
518
992
49
437
503
826
956
640
906
120
504
601
687
91
458
781
400
797
109
326
305
571
444
204
496
387
700
754
154
558
983
184
200
248
365
264
447
828
934
96
237
751
638
16
777
869
629
915
2
139
954
970
804
679
40
107
712
436
406
381
989
214
448
694
586
569
201
737
445
720
302
719
816
793
322
327
760
317
278
552
666
945
347
427
170
301
32
179
402
548
547
555
668
241
891
949
608
78
4
115
256
372
718
557
525
273
15
940
208
695
225
446
967
735
528
382
129
58
750
653
219
117
229
101
850
424
617
490
771
464
155
223
910
313
937
280
664
477
634
389
859
772
497
973
759
950
175
798
734
902
234
325
508
665
546
757
60
721
38
706
303
270
784
143
990
536
724
12
680
526
337
35
476
656
439
8
398
206
404
39
126
909
66
88
662
603
11
701
991
149
183
864
385
213
986
284
456
124
47
500
331
899
732
959
329
75
5
87
188
332
259
795
515
642
403
711
134
573
269
349
916
964
837
475
413
212
675
674
630
882
742
647
300
363
683
62
813
589
723
9
489
285
367
352
705
627
408
112
574
288
364
519
104
177
778
296
25
786
7
832
505
599
582
722
261
484
628
244
980
346
-1
EOF
