TOUR_SECTION
1
244
484
192
870
823
587
788
468
627
710
380
530
355
825
603
835
161
308
916
487
550
279
222
860
522
492
713
431
632
934
652
594
769
37
754
715
307
442
612
611
16
228
762
116
463
886
45
21
369
14
184
777
697
834
410
457
29
872
483
785
131
193
704
98
4
765
337
273
692
120
132
339
504
926
566
377
82
761
412
681
525
971
773
631
115
399
163
973
678
740
503
748
880
220
197
590
300
515
87
813
62
683
882
363
674
964
723
134
899
212
413
259
5
188
647
795
711
742
630
332
75
456
589
675
349
573
183
604
476
12
280
536
772
909
724
175
526
957
914
439
689
939
497
398
544
325
392
38
699
143
798
950
634
404
859
656
759
206
122
66
701
424
991
229
664
613
11
617
149
830
88
284
837
269
33
477
944
79
126
986
28
874
556
459
20
356
635
682
832
866
46
290
422
752
420
936
820
822
251
210
56
782
378
786
359
829
7
960
165
931
565
531
941
643
320
827
321
295
948
562
637
407
563
564
249
216
756
862
416
896
83
803
808
815
514
246
660
180
194
881
141
127
990
509
665
779
877
791
680
181
749
523
812
270
148
152
854
39
693
357
688
414
784
567
415
258
8
389
303
481
620
918
863
50
707
95
783
433
932
316
230
633
318
113
336
833
576
19
461
379
801
817
281
110
510
583
888
10
13
987
298
858
988
848
92
260
370
922
396
802
770
672
205
649
312
890
323
661
741
929
451
373
686
474
26
529
726
842
374
47
215
58
223
385
158
124
155
123
304
331
732
342
750
490
506
329
653
48
937
528
959
101
535
167
213
219
543
806
864
313
910
771
353
464
709
117
129
850
500
317
289
248
59
496
18
387
917
245
96
51
558
983
700
94
326
250
425
89
361
974
49
816
781
470
443
696
400
225
666
299
446
940
949
382
735
687
800
348
718
372
256
658
518
967
208
532
78
668
608
695
15
428
235
640
278
328
334
553
340
698
480
552
432
928
551
444
575
362
601
221
169
887
702
727
951
609
659
488
401
925
185
790
797
327
889
636
267
501
276
538
430
114
561
527
826
579
100
947
796
310
97
121
393
272
207
975
73
417
549
570
739
390
140
151
919
74
614
173
708
449
809
961
93
54
395
182
266
767
450
540
232
231
23
753
471
878
438
787
130
673
147
807
455
650
61
253
224
920
639
615
254
271
605
3
242
142
663
190
77
293
17
168
731
419
873
42
774
955
491
690
758
125
297
227
429
257
841
338
654
262
112
27
408
288
884
311
574
935
352
705
364
670
519
763
969
294
908
965
189
794
441
397
669
469
283
86
516
811
239
792
287
36
479
162
486
578
626
85
454
618
856
799
539
648
606
744
209
217
90
265
840
31
559
128
371
238
766
534
892
930
472
810
913
105
102
923
55
499
598
805
211
282
577
462
622
733
179
445
547
301
204
956
458
241
76
427
434
557
437
906
91
760
729
629
891
720
32
945
616
555
831
893
347
571
861
375
992
793
322
170
903
662
644
255
367
65
247
440
403
900
285
642
9
489
703
475
67
624
453
845
156
844
871
979
473
187
218
343
198
849
924
70
195
64
717
493
263
876
277
907
44
513
520
946
595
109
2
915
989
737
40
804
447
436
638
381
402
569
305
828
548
694
139
954
751
200
679
869
970
302
264
107
365
719
214
712
237
448
406
586
201
154
852
875
63
738
106
517
560
533
306
867
376
345
585
714
775
537
166
24
542
953
409
435
41
368
203
897
764
344
981
240
747
691
6
857
962
625
314
157
619
883
755
912
512
119
199
388
685
498
108
196
933
521
921
243
885
507
137
591
978
99
952
836
171
968
275
839
34
485
164
716
236
911
405
135
360
597
592
780
22
684
351
145
541
725
176
366
879
977
460
81
524
411
57
172
309
572
226
292
677
895
676
746
191
843
851
927
942
554
671
426
943
593
610
584
324
233
118
103
144
768
607
71
315
30
645
467
657
358
354
495
478
466
814
621
186
178
545
252
865
286
985
623
319
581
53
818
984
150
667
465
274
136
821
43
159
568
846
160
824
146
855
743
993
894
202
111
52
384
776
596
72
69
905
580
421
651
838
174
901
868
418
84
938
153
68
728
394
963
341
976
655
335
386
291
853
745
333
819
482
330
234
734
966
80
646
383
452
706
588
502
789
508
511
958
60
972
847
736
730
641
138
391
35
757
423
904
133
902
546
602
721
494
898
982
350
600
268
104
582
296
505
346
628
599
177
980
722
261
778
25
-1
EOF
