NAME : lhk.701899.tour
COMMENT : Length = 701899
COMMENT : Found by LKH [Keld Helsgaun] Sun May 24 22:50:19 2026
TYPE : TOUR
DIMENSION : 181
TOUR_SECTION
1
2
3
4
156
6
138
7
5
157
158
153
159
155
152
154
140
149
143
131
126
130
124
123
129
91
120
128
127
121
113
119
117
122
171
165
172
173
59
60
57
53
56
58
54
50
49
132
42
48
43
41
45
44
47
46
39
137
40
142
147
148
144
38
145
146
139
9
10
11
8
141
36
12
13
35
14
16
15
17
18
19
37
134
135
136
20
22
23
24
27
26
133
25
28
21
29
30
89
34
31
75
84
85
81
74
33
32
79
87
80
83
88
77
73
86
78
69
76
62
72
82
70
67
68
63
71
64
52
55
51
65
61
66
90
95
94
93
98
96
100
97
92
101
103
104
99
102
118
116
114
112
108
110
107
106
105
170
109
169
111
168
176
174
178
175
177
167
166
115
164
162
125
151
160
150
163
161
179
181
180
-1
EOF
