NAME : lhk.624406.tour
COMMENT : Length = 624406
COMMENT : Found by LKH [Keld Helsgaun] Sun May 24 22:50:19 2026
TYPE : TOUR
DIMENSION : 147
TOUR_SECTION
1
2
3
4
5
6
33
32
28
30
31
29
24
27
9
8
12
10
7
25
16
20
26
14
17
102
18
21
23
22
19
37
34
35
36
39
41
40
38
103
104
42
46
43
47
50
49
48
51
52
55
54
56
57
53
58
88
60
59
61
63
62
71
64
65
67
79
94
69
75
70
73
74
76
77
72
68
78
115
91
80
89
66
95
93
92
82
81
44
45
85
15
13
84
83
86
90
87
97
101
100
137
141
11
138
99
119
117
118
98
105
114
112
116
113
96
110
111
106
108
109
107
122
126
121
123
127
125
130
131
129
128
124
135
134
133
136
132
139
120
140
142
143
145
144
146
147
-1
EOF
