NAME : lhk.629043.tour
COMMENT : Length = 629043
COMMENT : Found by LKH [Keld Helsgaun] Fri Apr 10 19:15:19 2026
TYPE : TOUR
DIMENSION : 156
TOUR_SECTION
1
2
3
4
8
7
12
5
13
11
6
14
9
148
149
139
142
144
143
141
147
132
119
133
118
117
134
137
138
135
17
19
18
26
70
25
73
69
67
68
62
109
108
63
121
122
130
129
107
54
64
65
27
43
115
42
116
140
41
10
146
40
145
39
37
38
36
34
35
33
32
31
30
28
110
113
114
111
44
29
112
48
45
55
49
47
46
52
51
50
56
57
53
58
59
61
127
124
125
128
131
123
120
126
60
106
105
104
66
72
74
75
76
71
91
92
93
77
94
97
98
99
101
87
100
86
95
85
96
84
83
82
79
81
102
80
89
88
78
103
90
22
23
24
21
20
16
150
151
15
136
152
153
154
155
156
-1
EOF
