NAME : lhk.2299456.tour
COMMENT : Length = 2299456
COMMENT : Found by LKH [Keld Helsgaun] Fri Jun 12 17:42:39 2026
TYPE : TOUR
DIMENSION : 993
TOUR_SECTION
1
599
25
505
582
960
420
832
829
56
315
752
46
359
28
7
936
356
844
717
493
876
635
44
218
624
263
843
277
871
70
67
863
459
422
198
156
931
682
20
845
210
380
866
791
251
290
161
556
192
468
812
262
258
620
481
870
854
707
222
152
279
487
665
656
38
526
206
439
680
149
613
497
12
798
392
859
939
509
914
544
39
536
476
415
79
749
398
357
784
550
567
835
181
530
907
688
453
849
282
946
64
189
513
162
965
397
520
358
924
86
486
942
71
768
191
607
943
645
595
378
979
676
782
324
30
275
467
34
591
610
836
108
839
921
885
498
171
685
507
952
243
593
137
933
196
746
554
233
671
968
118
421
426
199
144
851
388
335
384
584
202
976
978
655
838
529
333
72
580
865
386
174
728
745
868
651
153
988
394
69
853
901
441
539
657
103
479
927
294
85
626
908
622
187
283
598
799
55
578
411
473
90
677
684
102
733
343
270
523
499
414
195
8
303
918
990
693
779
128
50
892
646
238
148
462
534
810
138
930
604
268
689
877
706
452
736
634
909
511
280
115
641
950
704
197
543
759
508
692
383
699
60
35
234
957
923
730
391
350
105
600
325
958
966
546
789
577
309
588
757
360
597
734
405
527
267
847
133
904
721
790
80
902
636
488
951
659
22
328
889
928
185
276
592
553
504
601
412
430
491
605
538
3
702
61
340
59
334
731
690
297
57
125
455
563
249
485
524
135
575
366
913
494
766
840
211
472
371
172
292
81
460
805
911
716
164
541
226
31
987
770
780
217
469
36
209
811
516
265
583
236
127
895
643
141
756
615
92
407
344
650
293
807
242
232
438
533
320
216
409
540
660
755
321
194
417
714
747
691
764
985
63
246
637
576
514
83
564
316
941
454
856
803
801
95
110
922
606
783
969
618
792
559
744
287
794
341
596
763
648
669
68
298
510
239
84
111
905
19
396
846
336
370
932
113
802
833
281
230
41
318
881
379
291
963
827
10
433
633
896
848
531
180
565
672
862
260
13
858
461
948
888
817
852
981
738
345
203
478
286
482
819
938
52
776
466
418
354
160
649
741
726
312
205
661
686
373
451
26
890
474
323
136
855
821
894
984
743
319
150
929
621
581
146
814
178
159
667
623
465
495
252
368
274
53
818
545
314
619
24
186
119
857
517
625
993
824
568
43
953
416
537
897
585
435
775
512
815
157
166
912
767
542
962
207
883
73
875
147
560
376
867
753
266
21
6
140
182
310
762
130
614
708
395
306
106
449
240
570
975
93
450
961
549
257
173
390
295
955
841
190
808
271
145
663
227
572
176
351
253
879
977
562
502
725
169
17
920
45
369
142
639
774
919
231
151
673
878
77
873
272
429
74
393
42
121
787
471
23
54
594
410
715
37
769
739
632
29
611
307
457
872
16
492
612
809
777
387
237
754
228
828
201
436
989
712
954
548
40
427
571
241
107
170
109
694
970
214
713
793
406
116
804
569
381
463
751
139
442
679
248
974
447
2
302
638
760
179
816
547
204
154
586
448
891
915
402
869
720
945
91
729
299
906
555
347
225
372
831
76
301
983
339
322
687
98
220
785
967
735
880
949
193
377
401
503
718
458
273
631
114
82
4
483
525
501
120
470
616
327
432
666
992
561
518
552
428
444
375
956
797
640
861
557
278
446
480
200
437
96
400
317
365
737
264
434
445
719
94
18
496
305
184
886
558
934
860
652
696
917
522
796
443
697
97
887
431
14
51
425
698
245
32
834
629
49
361
250
163
893
658
89
781
826
289
700
419
254
224
168
758
579
326
551
727
362
100
947
609
602
898
221
740
765
972
399
925
330
773
143
973
132
423
566
748
131
337
971
761
58
123
800
608
532
940
681
668
15
695
382
208
215
235
348
490
850
223
167
78
709
256
926
374
590
750
910
506
101
617
528
219
806
982
678
353
732
477
175
535
404
284
342
213
937
464
155
653
124
48
329
500
842
313
117
304
331
129
87
188
723
75
332
795
456
259
674
964
573
134
944
830
11
603
385
742
711
864
300
899
88
515
771
959
47
158
183
229
991
424
701
269
986
126
724
772
389
664
66
355
903
642
900
33
710
247
837
122
662
403
475
62
363
5
683
647
675
413
349
813
882
630
489
589
212
367
9
670
352
825
916
788
644
703
308
627
285
255
65
408
288
519
112
574
705
311
884
440
364
338
587
823
935
654
27
874
165
822
820
786
296
778
722
104
177
261
484
346
244
628
99
521
980
-1
EOF
