TOUR_SECTION
1
104
722
582
778
823
468
835
161
825
550
355
788
870
487
192
916
603
380
587
308
279
222
710
627
530
116
632
492
307
522
754
369
834
886
463
777
410
860
713
21
769
228
594
184
872
442
611
16
45
612
457
652
697
934
715
762
14
29
37
431
337
220
525
483
681
377
132
748
678
4
193
973
926
631
273
197
339
131
590
412
971
773
704
163
761
503
692
504
785
399
740
566
120
765
98
82
880
115
349
363
515
573
711
212
813
62
630
75
188
683
589
87
300
723
674
456
899
647
259
882
964
795
134
332
675
413
5
742
325
957
526
859
439
759
939
699
280
12
724
476
398
798
689
38
914
950
909
772
404
656
634
143
497
175
183
544
536
392
604
991
88
701
664
986
122
837
126
269
206
830
79
613
11
424
149
33
284
229
477
944
617
66
20
682
936
459
251
820
960
832
359
782
752
28
822
786
46
56
420
356
556
635
931
7
829
165
378
210
866
422
290
874
295
514
896
941
321
194
180
249
246
216
808
881
127
320
407
643
803
948
565
531
141
756
660
416
637
83
563
862
562
564
827
815
620
693
779
665
303
863
688
784
567
148
414
680
523
854
749
791
707
39
990
918
181
357
8
152
509
50
389
481
415
812
877
270
258
281
576
370
770
95
260
987
10
110
13
318
922
316
801
336
802
783
230
672
379
633
92
433
510
858
461
113
833
848
817
583
988
19
298
888
396
932
726
890
661
451
26
649
373
205
929
312
474
323
686
529
741
959
910
124
117
653
750
155
353
490
47
313
167
500
213
506
219
374
528
342
331
850
129
329
215
535
58
304
158
937
842
48
223
101
709
864
385
123
806
543
732
771
464
289
51
250
326
317
248
245
700
361
443
983
470
59
974
781
387
558
96
49
696
18
496
400
94
425
816
917
89
256
658
428
532
299
687
940
278
78
208
225
735
608
15
372
640
666
518
967
949
668
235
800
382
348
718
446
695
185
561
951
527
169
826
401
702
698
432
114
276
609
889
100
538
221
790
444
328
552
601
488
659
340
636
928
887
430
551
797
362
925
553
334
327
579
501
267
575
727
480
947
130
97
121
708
549
74
878
151
93
673
182
471
787
450
310
73
417
767
449
23
919
975
614
438
753
393
395
207
570
961
272
232
147
173
540
54
231
140
390
739
796
266
809
297
77
491
873
455
419
253
429
125
254
807
650
690
920
17
271
168
42
639
224
227
293
242
615
731
190
3
61
663
758
605
955
257
142
774
841
288
519
262
352
27
705
112
408
654
574
935
884
670
338
364
311
648
811
856
486
669
799
189
294
239
606
479
965
287
86
283
397
217
763
516
441
618
454
469
969
578
162
539
792
908
209
85
794
36
626
744
805
598
559
462
913
733
282
892
810
102
105
128
238
840
577
534
31
766
499
265
211
55
472
923
930
371
90
622
992
555
301
760
956
445
170
32
629
720
437
616
434
204
91
831
547
893
945
76
458
322
179
557
861
571
729
427
793
375
241
347
906
891
255
644
285
247
403
9
475
900
489
703
65
662
642
440
367
903
595
44
64
343
187
513
218
520
195
876
924
70
946
198
717
156
263
473
849
871
67
493
907
844
277
453
979
624
845
40
548
989
751
869
447
694
264
679
302
365
201
109
712
569
804
107
305
2
915
436
970
719
237
214
737
402
828
139
638
586
381
406
448
954
200
154
435
314
883
755
875
517
625
344
867
533
897
585
714
306
560
857
775
63
764
962
619
24
747
157
912
166
691
376
542
512
409
852
345
41
368
119
240
6
106
953
203
981
738
537
507
196
685
34
99
591
275
836
171
521
952
839
968
199
108
921
243
933
388
137
498
885
978
677
292
145
226
879
309
81
360
684
164
780
366
460
176
572
485
977
911
135
351
725
172
22
57
405
236
524
716
597
895
541
411
592
671
233
315
851
676
554
103
942
358
191
324
467
645
843
607
746
768
927
71
657
118
610
584
426
144
943
30
593
178
846
623
136
159
43
545
466
274
821
814
984
160
495
743
621
894
354
993
53
150
985
252
186
818
568
478
581
855
865
824
465
286
319
667
146
868
580
291
394
838
482
384
202
335
905
976
84
655
153
853
651
333
421
418
52
901
72
728
596
69
68
174
341
745
776
386
963
111
938
819
757
902
502
508
423
330
898
721
511
730
350
383
588
60
982
268
546
972
847
494
600
138
736
234
904
966
958
646
734
35
706
602
391
133
452
641
80
789
505
484
346
628
25
177
980
296
261
244
599
-1
EOF
