NAME : lhk.2247845.tour
COMMENT : Length = 2247845
COMMENT : Found by LKH [Keld Helsgaun] Sun May 24 22:56:36 2026
TYPE : TOUR
DIMENSION : 993
TOUR_SECTION
1
25
296
599
722
778
832
165
378
359
931
782
324
746
820
960
822
610
275
676
315
28
7
20
218
635
493
486
397
717
520
645
871
907
67
845
356
46
682
422
829
786
936
459
752
876
44
187
499
979
70
195
849
877
50
844
64
277
258
152
481
863
343
357
990
453
791
892
523
371
462
176
148
181
102
840
309
57
733
597
105
472
684
930
366
454
524
81
138
405
514
172
895
592
725
690
351
194
216
145
253
271
639
977
637
92
164
226
113
879
780
236
85
559
598
541
805
633
987
249
803
135
922
461
606
209
485
965
10
988
578
394
95
433
833
341
651
848
291
858
655
770
583
379
881
801
537
862
370
643
13
318
409
667
52
818
776
336
932
203
396
802
580
938
901
298
741
72
649
333
819
312
865
451
661
529
386
657
153
851
199
853
111
942
839
539
384
768
68
202
943
976
418
19
745
510
868
838
728
69
672
905
596
963
335
239
908
441
669
110
516
648
626
86
794
792
174
744
856
618
217
411
577
810
969
292
716
282
913
156
946
924
677
162
473
265
799
283
513
263
622
189
36
469
624
479
287
294
763
191
103
421
843
811
607
118
71
358
927
144
595
554
584
388
968
467
593
30
233
836
671
521
34
591
952
196
921
137
426
685
933
885
243
507
978
498
108
171
205
26
373
890
686
474
136
821
726
929
984
286
581
465
319
495
252
545
43
53
623
186
855
814
160
354
323
894
150
743
846
146
84
466
159
621
482
824
817
568
178
576
246
985
888
119
993
63
314
542
141
41
747
981
127
852
691
953
180
321
714
306
533
948
560
755
281
316
941
808
230
756
227
827
563
260
562
565
783
540
320
615
83
660
407
564
295
896
450
438
416
841
395
344
471
6
182
531
764
376
207
166
240
310
570
390
767
619
517
815
867
106
775
435
625
478
738
897
912
274
24
345
368
585
157
883
857
512
753
962
739
708
393
522
307
961
934
431
116
14
777
305
214
970
828
40
402
264
989
201
869
586
700
317
816
906
629
793
427
720
861
638
179
992
891
154
983
831
737
365
547
76
945
518
91
640
208
241
735
608
687
967
235
532
718
167
940
117
123
215
850
528
926
709
48
348
374
256
658
748
372
668
15
301
800
695
382
299
666
781
437
601
340
925
880
330
163
949
221
538
273
452
488
773
602
339
401
847
972
525
785
115
82
971
590
428
631
98
120
220
552
377
806
761
193
446
278
132
678
131
78
197
337
973
101
464
692
304
653
859
535
842
219
991
909
175
771
937
750
38
404
353
910
342
490
664
155
543
331
158
129
313
229
732
213
124
385
617
959
500
47
269
986
223
701
88
613
424
134
456
864
5
11
284
515
329
87
899
363
795
259
964
75
62
188
647
882
349
332
413
212
630
723
813
489
9
352
670
285
884
27
65
408
288
705
823
627
364
290
420
161
788
262
380
112
440
574
311
247
355
66
308
825
903
900
662
300
710
589
703
644
837
475
255
675
367
683
403
674
573
742
711
642
126
944
206
680
550
835
603
122
830
487
222
870
916
530
567
8
707
439
779
656
536
749
303
620
392
665
79
914
477
39
784
389
772
398
798
33
544
58
183
950
759
699
497
143
476
765
704
280
957
506
566
412
898
4
276
325
646
553
267
114
702
268
889
966
508
61
575
605
873
100
572
579
77
758
886
334
125
142
297
59
29
491
807
245
797
713
419
51
254
250
558
151
45
184
2
917
170
89
609
248
887
470
49
361
636
527
659
928
551
951
663
696
444
955
790
480
727
362
289
432
681
42
185
169
501
504
400
729
430
458
322
740
347
375
571
561
557
225
616
204
956
954
826
434
326
496
760
712
719
548
302
448
406
915
569
139
679
237
804
436
751
381
974
107
694
387
754
109
447
96
893
445
555
443
200
32
463
872
16
612
594
442
18
652
492
715
614
769
611
673
632
369
697
228
94
860
834
74
121
37
425
787
231
774
97
272
410
457
762
21
140
975
73
919
878
449
266
875
809
54
23
147
796
549
232
93
257
17
429
293
130
920
242
731
417
173
224
168
698
360
3
650
327
190
911
947
588
22
789
455
391
534
958
238
734
494
511
55
604
460
350
35
902
399
721
502
730
503
904
133
423
328
483
90
982
706
60
234
939
724
383
149
634
641
526
12
415
509
600
546
757
80
689
31
736
128
766
270
918
211
923
414
688
587
812
854
192
279
56
693
935
468
251
210
866
198
556
582
874
338
654
519
104
177
505
261
980
244
484
628
99
346
-1
EOF
