TOUR_SECTION
1
90
534
282
892
577
923
930
766
238
840
181
733
265
472
622
913
211
371
462
31
598
128
523
105
55
810
615
168
3
455
690
216
142
17
77
920
873
639
125
808
61
955
562
297
224
257
663
429
254
807
293
774
650
253
227
841
271
190
242
939
724
404
699
175
337
759
79
950
476
149
909
772
656
477
634
183
497
392
143
280
798
664
33
859
921
196
426
275
243
839
507
388
171
108
584
746
942
498
593
671
30
885
199
952
836
851
467
968
978
610
685
335
137
933
554
306
6
409
738
321
368
912
747
897
345
857
24
883
585
537
157
953
512
376
775
852
867
344
981
764
875
240
962
691
542
41
619
63
714
106
314
755
625
533
166
815
119
560
517
203
435
25
599
778
582
722
104
296
177
832
505
960
7
820
172
856
176
911
460
57
411
524
716
677
309
780
351
22
81
597
366
977
145
684
292
226
485
135
360
805
559
164
725
879
895
541
405
236
592
538
889
951
601
276
602
636
553
659
702
502
605
100
925
972
575
527
731
966
133
362
114
221
328
267
588
790
928
572
580
838
745
451
84
741
312
72
529
384
386
853
819
202
776
901
333
976
205
418
661
549
570
147
173
961
878
130
614
390
231
54
417
919
151
232
97
753
673
140
310
975
438
708
182
23
449
787
93
767
272
471
450
796
73
121
540
393
207
809
739
395
266
74
303
148
536
779
530
439
389
812
152
509
914
270
526
544
604
689
688
620
39
665
8
877
50
784
38
680
414
707
12
398
749
415
478
814
932
186
938
568
53
319
318
482
818
150
19
159
817
824
466
298
274
855
354
379
846
43
146
545
252
621
286
667
993
465
396
623
985
178
323
160
929
649
984
890
865
726
686
894
743
581
495
821
373
474
26
136
943
174
651
191
461
103
111
655
479
648
848
606
239
153
763
669
516
908
69
768
868
963
394
291
209
441
657
905
421
596
68
988
510
341
52
728
349
188
795
363
813
742
413
62
675
9
212
723
711
456
589
489
683
75
964
5
300
573
259
647
403
367
674
332
630
882
712
694
302
107
400
40
436
264
989
443
139
237
679
970
305
751
983
586
200
737
569
816
447
214
804
448
2
406
954
719
96
974
828
317
548
154
915
109
700
381
638
201
387
869
248
558
365
563
141
564
643
531
756
110
10
576
896
83
783
92
948
637
827
801
194
660
295
514
180
127
407
113
13
770
230
888
565
922
672
95
281
881
987
862
370
833
316
336
433
320
416
941
858
633
249
246
260
802
583
803
18
612
228
457
184
116
754
522
442
431
715
45
713
594
51
769
14
697
611
886
307
632
21
29
492
289
463
834
16
872
934
37
762
777
652
369
860
410
876
782
28
635
359
927
595
979
607
843
682
233
752
44
676
358
822
378
459
931
645
144
356
71
829
218
315
46
324
118
56
412
525
483
131
740
430
971
880
120
399
504
220
949
339
115
704
631
501
132
765
773
82
163
785
681
4
590
761
330
377
193
98
503
401
197
273
748
375
571
402
861
557
793
629
729
170
945
555
241
437
76
891
547
434
760
91
956
347
326
720
179
992
445
906
322
301
32
616
204
831
458
427
893
288
262
654
670
338
27
408
420
935
290
352
311
823
627
161
165
884
112
380
556
587
574
705
519
835
468
874
364
695
348
278
666
800
940
735
225
382
532
372
256
967
668
687
518
15
235
608
208
658
78
446
640
299
718
428
511
898
494
692
646
904
902
757
721
350
268
847
789
958
423
730
80
546
957
391
600
234
35
736
734
60
325
706
452
508
383
138
982
641
169
94
480
696
609
698
781
887
327
491
551
797
250
947
470
245
42
425
488
334
89
419
496
185
340
579
727
758
49
444
59
826
552
561
917
432
361
102
397
469
263
294
624
86
811
578
799
217
454
283
85
744
965
618
924
792
520
187
499
189
486
969
794
626
36
162
287
539
222
550
247
825
308
355
613
279
126
662
903
255
710
944
285
788
870
122
65
703
644
475
900
642
916
487
206
603
440
66
269
830
837
58
910
926
304
117
653
129
155
750
850
219
535
806
48
123
464
566
167
158
709
223
973
353
490
374
543
842
342
101
215
528
937
506
678
493
258
717
343
567
786
357
481
192
693
871
844
513
866
936
277
791
251
845
990
473
849
210
918
907
67
198
195
20
946
70
453
863
854
64
422
156
87
284
88
124
959
732
617
899
385
986
424
771
229
11
701
500
864
331
47
134
991
213
313
329
515
628
346
591
34
261
521
244
484
980
99
-1
EOF
