NAME : lhk.545515.tour
COMMENT : Length = 545515
COMMENT : Found by LKH [Keld Helsgaun] Fri Jun 12 17:47:13 2026
TYPE : TOUR
DIMENSION : 142
TOUR_SECTION
1
3
2
6
5
4
7
9
11
12
13
10
16
14
15
17
23
18
19
20
21
22
86
24
85
28
25
26
27
31
36
29
30
32
34
37
35
38
33
39
40
41
42
83
51
44
43
47
46
45
50
49
48
61
57
56
59
62
60
63
64
72
58
68
67
66
65
69
70
71
79
80
73
78
104
108
53
93
103
102
100
55
105
52
98
84
97
101
99
81
82
96
54
95
89
92
94
91
87
8
90
88
121
126
122
124
125
120
129
130
132
123
128
127
106
107
110
131
109
77
76
74
118
119
75
116
117
115
113
114
112
111
133
134
135
137
136
138
139
140
142
141
-1
EOF
