NAME : lhk.606541.tour
COMMENT : Length = 606541
COMMENT : Found by LKH [Keld Helsgaun] Fri Apr 10 17:58:56 2026
TYPE : TOUR
DIMENSION : 153
TOUR_SECTION
1
3
2
69
68
70
72
73
71
144
76
75
65
67
66
143
7
5
4
9
6
8
12
11
15
14
13
16
10
60
59
52
49
50
51
41
53
58
55
62
103
61
63
64
142
102
100
105
83
99
84
82
81
101
89
97
74
79
78
80
85
86
87
88
90
93
94
19
95
98
104
96
110
43
44
106
56
47
109
45
108
54
48
57
42
39
37
36
40
38
35
33
28
46
30
26
34
32
25
27
31
24
21
29
23
22
17
140
141
18
20
107
138
139
91
92
135
137
130
136
131
134
112
132
115
114
129
128
123
124
125
126
127
122
121
146
119
113
133
111
77
116
117
120
118
145
148
147
150
149
151
152
153
-1
EOF
