NAME : lhk.544628.tour
COMMENT : Length = 544628
COMMENT : Found by LKH [Keld Helsgaun] Fri Jun 12 17:47:13 2026
TYPE : TOUR
DIMENSION : 141
TOUR_SECTION
1
2
3
4
5
6
8
7
9
12
11
124
14
13
15
18
16
19
20
22
23
21
17
27
24
29
119
28
25
31
30
32
37
36
120
122
125
26
121
123
10
126
128
127
130
132
115
117
109
113
111
118
34
98
70
97
35
33
95
92
96
94
93
89
73
90
91
88
87
78
85
86
80
84
83
82
77
79
72
116
69
74
75
71
39
68
38
76
66
67
81
58
64
55
61
56
63
62
60
59
57
65
40
54
52
53
48
50
51
47
49
46
45
43
42
44
99
41
133
102
104
101
100
107
105
103
106
114
108
110
112
134
129
135
139
131
136
137
138
140
141
-1
EOF
