NAME : lhk.666242.tour
COMMENT : Length = 666242
COMMENT : Found by LKH [Keld Helsgaun] Sun May 24 22:50:19 2026
TYPE : TOUR
DIMENSION : 171
TOUR_SECTION
1
2
5
125
122
120
127
123
126
119
124
128
129
130
133
131
134
139
137
138
136
132
141
140
135
113
111
117
121
118
108
110
107
106
109
105
103
114
112
144
56
57
143
142
58
51
60
59
55
52
47
48
38
54
43
39
50
45
49
46
44
42
32
35
34
33
30
41
37
28
36
26
27
31
29
67
61
66
63
65
62
64
89
93
96
86
88
90
85
84
87
94
91
92
150
146
148
95
151
149
147
152
153
155
154
156
157
162
166
163
159
158
160
167
22
23
16
161
24
82
25
145
83
70
81
98
80
97
79
77
76
71
53
40
68
69
104
115
73
72
74
75
78
102
101
99
100
8
15
14
3
13
12
10
4
116
6
7
21
19
17
18
11
168
20
165
9
164
169
170
171
-1
EOF
