NAME : lhk.594834.tour
COMMENT : Length = 594834
COMMENT : Found by LKH [Keld Helsgaun] Fri Apr 10 19:15:25 2026
TYPE : TOUR
DIMENSION : 139
TOUR_SECTION
1
2
3
5
4
7
9
8
6
122
114
113
116
117
115
112
124
123
118
111
120
121
119
110
108
102
100
105
103
101
99
20
125
19
24
104
25
98
126
129
130
128
131
127
94
97
93
91
90
89
95
96
92
107
109
82
80
84
85
106
81
74
83
78
79
87
75
76
77
73
88
72
86
71
65
69
70
67
132
66
64
68
63
61
62
60
59
57
53
54
49
56
55
46
58
51
52
35
48
50
47
44
45
43
42
41
39
40
38
37
36
34
32
33
31
27
30
29
28
17
26
22
21
23
18
15
16
12
14
13
11
134
135
133
10
136
137
138
139
-1
EOF
