NAME : lhk.530089.tour
COMMENT : Length = 530089
COMMENT : Found by LKH [Keld Helsgaun] Fri Jun 12 17:47:07 2026
TYPE : TOUR
DIMENSION : 117
TOUR_SECTION
1
2
3
4
5
8
7
10
6
12
14
9
15
11
16
48
17
13
18
57
70
19
68
72
64
76
73
71
67
74
75
65
66
63
62
61
20
60
55
58
52
59
56
22
54
53
51
50
47
49
46
45
44
43
42
40
41
39
37
36
33
34
38
35
31
30
32
26
27
29
28
24
106
25
101
107
23
100
99
105
104
103
102
98
97
96
95
94
93
92
89
91
90
108
88
110
87
109
86
77
85
84
83
82
81
80
79
78
69
111
112
113
21
114
116
115
117
-1
EOF
