NAME : lhk.648495.tour
COMMENT : Length = 648495
COMMENT : Found by LKH [Keld Helsgaun] Sun May 24 22:50:19 2026
TYPE : TOUR
DIMENSION : 168
TOUR_SECTION
1
2
4
3
168
167
166
165
162
13
160
161
158
164
26
30
159
40
41
42
43
46
45
163
44
47
48
49
50
51
52
53
39
56
55
54
57
31
38
36
35
37
32
75
27
28
155
25
29
147
144
145
82
81
66
67
64
80
69
73
135
77
78
84
133
70
68
123
74
76
33
34
58
72
59
125
124
122
71
118
119
117
120
121
127
116
115
136
129
126
134
131
128
130
132
138
137
142
60
143
141
140
65
62
139
63
88
85
89
61
91
90
92
94
95
97
96
99
98
100
102
109
110
107
103
104
22
24
23
21
108
20
106
152
19
18
7
105
153
151
112
113
111
101
93
150
149
148
86
87
154
114
146
83
79
156
157
17
15
11
12
10
14
16
8
9
6
5
-1
EOF
