NAME : lhk.2247104.tour
COMMENT : Length = 2247104
COMMENT : Found by LKH [Keld Helsgaun] Sun May 24 22:56:36 2026
TYPE : TOUR
DIMENSION : 993
TOUR_SECTION
1
346
628
244
484
980
177
261
722
104
778
288
519
489
352
364
112
408
705
65
440
206
903
662
603
530
355
825
468
627
788
550
812
192
389
620
279
380
830
701
269
126
33
991
613
617
285
870
300
122
124
313
642
88
573
837
75
134
711
964
864
475
674
456
403
900
644
916
742
944
349
683
255
703
589
367
9
670
813
882
630
212
363
332
723
259
413
675
188
62
87
647
795
5
515
899
986
329
331
47
284
937
385
771
229
535
497
213
337
143
732
664
724
439
149
392
58
699
60
773
765
859
749
511
939
35
155
175
730
566
678
806
798
223
506
477
543
280
101
842
500
653
342
374
48
959
129
490
158
117
528
709
123
464
167
353
910
304
735
215
219
750
348
800
926
850
704
940
532
377
518
132
748
197
761
339
553
330
525
276
668
971
681
98
695
220
608
278
225
446
666
557
235
299
382
372
78
831
256
967
15
687
208
555
445
893
402
107
2
945
214
40
571
954
406
447
970
869
365
679
200
974
154
381
828
264
586
436
16
116
713
463
989
715
638
522
777
443
59
712
139
834
305
18
237
201
448
326
804
915
737
751
719
816
694
760
496
616
700
887
400
696
387
558
77
569
934
652
248
184
754
457
594
228
14
492
787
289
611
769
471
97
442
29
410
21
431
673
762
867
961
753
632
390
140
739
878
393
708
344
231
395
409
975
570
796
920
232
295
321
23
157
416
565
449
242
417
549
643
407
755
216
230
619
127
141
637
249
260
281
941
180
433
336
563
815
848
318
888
802
775
41
274
320
738
186
314
691
203
537
881
852
178
981
43
252
368
24
846
912
857
533
106
625
376
764
953
517
883
63
568
13
827
531
54
714
560
207
240
182
6
450
166
897
306
542
435
130
266
310
614
875
747
962
512
993
585
150
345
818
53
354
465
621
319
545
286
814
743
667
478
159
466
855
726
581
984
136
929
890
686
894
323
821
160
474
495
865
649
146
776
838
824
396
482
938
298
580
817
623
932
370
84
985
119
379
19
576
976
441
52
819
745
291
333
418
741
205
26
373
661
312
451
685
111
202
384
335
386
153
243
199
507
885
388
196
137
978
839
108
171
498
836
952
34
99
591
521
324
275
610
467
315
144
233
979
46
676
28
624
218
493
595
459
645
359
102
520
397
843
187
539
908
36
486
287
811
283
189
651
209
606
421
763
792
239
510
965
294
69
943
942
479
596
103
607
671
118
768
44
86
71
927
358
584
30
746
968
554
426
933
921
851
593
191
853
657
655
868
529
901
963
341
72
648
68
728
174
669
110
394
905
578
162
858
583
461
316
770
454
113
783
10
801
833
922
135
469
672
92
948
633
564
780
987
351
660
514
808
246
977
438
485
540
83
862
562
841
271
164
257
756
22
491
297
17
125
419
605
254
579
432
919
142
612
151
650
272
74
73
807
307
639
809
886
121
767
93
173
37
45
774
697
147
860
698
455
224
168
872
917
114
89
425
702
317
51
96
250
245
375
956
302
781
547
427
983
861
170
906
109
204
301
720
437
32
629
76
241
793
91
992
548
640
401
949
891
434
561
501
163
729
504
193
273
120
880
322
727
428
49
785
347
718
458
470
179
552
82
797
362
444
609
340
947
488
601
972
480
185
412
42
551
659
61
94
758
369
169
955
3
190
889
327
334
361
826
527
267
663
430
925
721
736
658
982
631
423
590
115
740
399
452
759
183
692
789
909
546
902
957
634
38
707
757
476
404
950
536
12
11
222
424
665
772
680
481
152
66
689
39
526
877
79
914
544
303
523
509
270
90
604
706
913
57
734
138
646
80
268
898
904
600
502
325
966
483
508
383
973
234
133
4
494
602
588
131
100
636
731
928
503
690
350
360
176
538
847
951
221
541
873
615
253
391
429
879
227
293
725
895
405
790
575
716
810
328
684
641
958
105
592
31
892
577
499
211
733
911
460
172
524
366
226
597
309
572
803
95
896
292
194
236
145
55
81
559
677
265
618
946
516
85
744
969
411
988
626
282
856
794
263
371
799
622
534
217
598
238
766
849
805
840
50
472
128
924
923
195
930
357
148
414
8
990
415
567
513
784
918
656
487
398
161
693
251
587
258
688
845
863
181
907
779
67
453
462
844
876
473
64
277
343
70
156
871
717
791
198
422
210
682
752
635
829
931
782
356
822
378
960
56
786
20
936
866
935
290
823
854
835
710
165
308
262
884
247
311
654
574
338
27
874
556
582
7
420
599
25
820
832
296
505
-1
EOF
