TOUR_SECTION
1
722
244
521
99
261
591
980
484
628
803
808
531
320
827
216
145
565
896
564
514
295
562
660
351
977
941
541
637
83
841
922
249
643
563
127
194
895
756
987
40
679
712
869
237
139
406
214
828
201
586
107
381
436
751
989
2
569
970
638
109
170
893
445
365
248
447
700
737
400
720
983
448
387
302
793
915
49
548
804
326
154
200
719
954
264
816
694
96
317
402
629
305
571
322
557
781
76
458
32
91
434
658
945
555
831
375
729
204
208
427
437
640
547
992
861
299
179
956
906
301
241
616
225
891
760
347
169
947
758
488
362
889
480
925
527
601
609
797
551
790
504
163
698
702
114
444
951
928
727
276
659
185
328
503
340
267
221
334
501
327
887
561
636
401
430
538
432
552
100
579
826
553
256
372
532
785
377
687
78
278
709
98
348
428
235
748
949
880
967
215
971
666
800
120
695
123
339
926
940
219
446
850
167
518
668
718
608
15
735
761
220
4
382
776
655
84
333
482
72
111
819
901
580
838
938
728
202
418
386
52
963
745
976
291
384
868
153
853
905
899
456
944
795
742
269
515
134
573
683
642
413
837
62
630
813
259
589
87
212
723
662
489
475
711
882
675
367
9
674
403
349
188
964
5
300
332
363
75
647
686
312
373
529
451
323
890
26
726
649
741
661
205
474
416
119
13
314
260
157
817
180
409
619
63
852
775
691
862
407
246
368
537
888
321
306
755
141
41
953
747
517
881
815
948
18
713
250
934
886
496
917
59
94
558
89
974
463
184
116
245
369
696
361
470
834
51
443
425
289
499
36
520
969
626
217
263
454
811
856
287
792
102
162
624
924
189
622
282
578
618
799
86
397
744
85
965
469
598
794
187
283
507
498
933
243
685
593
584
885
171
968
836
199
137
108
388
921
839
335
275
426
952
196
978
936
693
791
876
481
70
946
863
844
67
453
918
493
422
473
198
211
849
567
871
907
277
990
20
156
717
513
357
343
181
462
258
195
523
845
854
64
975
542
395
708
764
417
23
130
540
767
73
207
166
875
54
182
438
449
6
240
272
878
390
231
753
714
549
393
310
344
471
140
739
570
450
147
106
560
173
867
266
614
376
763
421
294
768
539
669
516
68
479
851
191
441
239
648
486
341
651
103
657
942
69
596
394
908
943
174
11
124
117
772
213
175
464
101
342
158
88
149
424
699
500
329
798
229
331
732
313
543
284
771
617
959
155
374
859
497
750
664
385
223
506
701
58
653
490
47
353
477
48
129
864
528
937
806
991
986
910
304
759
842
535
183
950
297
190
17
807
690
605
955
61
650
725
224
227
731
879
572
663
271
575
293
253
873
455
592
615
125
818
568
435
585
533
512
203
186
274
962
345
985
178
43
738
478
897
24
981
857
625
993
883
912
465
251
7
874
822
104
582
778
290
28
177
210
786
960
682
556
25
505
866
832
599
420
296
752
459
56
165
782
356
820
829
160
150
824
252
319
984
929
743
846
53
146
159
354
545
667
581
821
466
623
865
136
894
495
855
286
814
621
457
45
961
21
492
715
762
410
442
652
611
14
307
777
872
29
769
431
522
612
37
754
594
632
228
16
697
554
645
44
635
467
118
671
218
30
378
359
595
979
843
610
324
358
676
144
607
46
315
931
746
71
233
927
733
238
405
265
360
135
81
55
292
534
780
559
766
164
805
911
577
105
236
366
128
309
677
913
810
684
226
411
485
460
597
923
22
31
176
172
716
57
524
371
472
919
93
809
419
74
796
42
257
787
673
242
77
491
860
429
920
3
168
142
121
774
232
97
254
151
639
396
318
379
110
336
583
370
510
10
298
833
461
95
932
92
672
316
770
19
988
281
576
230
801
113
783
802
606
633
858
848
433
209
519
380
364
916
279
705
884
222
192
311
835
900
574
338
440
627
825
703
903
262
288
27
710
823
65
644
355
468
247
603
308
587
112
670
161
285
352
255
935
408
654
788
399
631
197
590
692
602
280
483
452
957
704
423
82
330
982
193
740
939
525
765
337
973
131
898
273
678
132
773
681
115
566
133
412
646
35
148
634
840
689
60
930
502
641
736
904
892
588
706
604
902
966
734
789
383
847
80
90
721
391
600
268
757
234
508
325
972
511
494
730
138
350
546
958
414
749
415
877
812
389
12
707
909
526
870
439
126
536
270
392
38
66
476
613
656
830
620
665
550
33
530
50
303
784
680
509
404
206
779
398
152
914
544
688
8
39
79
487
724
122
143
346
34
-1
EOF
