NAME : lhk.2266054.tour
COMMENT : Length = 2266054
COMMENT : Found by LKH [Keld Helsgaun] Sat May  2 14:06:59 2026
TYPE : TOUR
DIMENSION : 993
TOUR_SECTION
1
34
346
628
244
484
980
261
722
104
778
177
505
582
165
960
519
27
654
705
408
916
285
903
574
288
364
352
670
489
9
627
65
247
703
662
674
212
349
900
255
742
134
573
269
711
701
5
284
413
300
795
75
88
456
964
363
647
675
589
332
367
683
630
882
813
62
723
188
259
515
899
129
123
709
500
158
535
117
464
528
590
219
304
215
850
490
348
735
940
518
785
740
15
748
926
658
761
678
220
339
256
78
235
729
608
666
91
695
800
640
225
532
967
208
668
571
299
737
427
992
434
548
555
869
107
201
40
241
891
804
445
154
557
94
945
109
76
781
616
760
954
720
49
831
906
179
170
326
340
322
631
504
458
718
949
347
401
382
120
362
704
163
602
399
588
925
847
372
133
193
4
412
880
132
806
273
423
566
115
80
452
60
546
383
508
553
330
904
350
328
90
958
789
879
840
646
494
138
730
810
684
511
309
226
734
911
977
731
597
292
172
81
460
524
725
756
55
351
663
366
405
502
268
902
572
61
972
592
790
702
575
22
480
721
773
82
525
982
100
898
971
727
601
636
276
501
221
527
951
538
430
956
446
428
245
503
98
483
169
278
301
561
248
681
204
629
447
96
264
317
638
437
569
16
302
200
381
32
387
719
989
679
406
214
436
712
586
139
2
59
305
828
915
970
552
448
547
609
51
983
893
816
793
400
687
365
327
826
470
444
375
887
334
361
89
579
861
488
254
250
184
694
834
402
751
558
443
369
18
37
917
796
496
974
652
121
228
872
463
116
700
14
237
492
934
611
307
442
777
457
410
29
787
266
614
961
594
715
431
45
886
522
713
754
97
697
168
549
809
753
93
769
147
74
272
975
140
449
182
344
767
878
560
450
376
962
875
6
106
435
585
714
321
883
24
897
512
981
533
542
764
409
815
775
540
157
862
417
127
637
246
194
271
531
920
808
570
517
207
295
537
643
306
755
23
747
54
867
612
240
166
21
151
395
390
471
73
919
708
130
393
639
242
232
632
673
739
429
42
696
762
873
77
758
267
947
185
551
297
419
966
889
698
605
955
114
797
774
455
928
224
17
253
231
289
3
860
310
173
491
125
142
83
190
438
293
841
807
257
659
425
432
541
227
690
650
615
987
92
164
922
135
563
485
10
803
895
510
783
633
320
565
564
562
180
281
988
576
833
249
827
314
881
660
801
948
336
141
41
619
407
953
625
818
13
119
368
817
230
814
478
691
852
203
274
623
824
993
912
43
63
857
545
345
738
465
186
53
319
621
252
495
150
667
821
354
894
136
474
323
984
929
890
686
26
373
108
498
171
137
952
507
451
685
529
386
838
580
819
333
205
661
312
741
649
286
726
160
743
581
159
855
146
846
568
298
19
416
178
396
858
848
932
941
260
379
596
901
905
72
802
482
776
84
985
418
865
52
291
466
938
318
606
868
202
341
745
174
384
335
978
243
885
199
933
839
968
99
591
521
593
324
921
836
671
426
118
358
554
610
275
233
746
196
30
315
67
676
931
359
218
979
782
607
645
187
578
908
397
520
71
191
44
768
539
595
876
46
144
943
927
843
294
467
584
103
811
69
651
486
111
942
976
388
963
853
421
153
851
657
68
655
461
728
888
433
672
370
583
209
110
770
162
441
394
559
239
965
763
283
479
86
648
189
36
794
744
626
113
454
217
85
856
669
618
516
316
95
216
514
411
969
896
780
622
792
145
105
913
371
211
238
598
360
391
892
148
930
600
923
736
131
234
909
641
706
543
604
859
439
175
143
664
101
692
377
58
35
937
223
957
167
765
973
353
280
183
197
950
653
155
842
699
910
750
374
313
48
617
87
124
47
385
213
732
342
424
771
11
864
986
329
331
830
944
66
959
126
497
536
79
38
772
33
991
798
506
149
392
634
229
325
757
665
337
877
389
476
12
270
404
939
759
550
707
526
477
481
613
487
122
206
870
837
475
222
603
644
642
403
710
440
788
355
308
587
258
279
380
530
656
863
415
152
620
688
724
812
398
181
50
303
414
544
914
779
784
854
791
680
918
156
357
990
693
493
453
749
31
39
509
733
689
128
946
523
534
472
805
176
462
577
236
57
677
469
265
716
799
102
287
499
473
924
766
849
871
282
513
567
198
343
624
70
64
844
263
866
845
459
277
752
682
195
907
717
835
823
468
8
825
884
311
161
192
112
338
262
935
422
290
251
20
936
210
786
829
874
56
420
556
820
7
28
356
635
822
378
832
296
25
599
-1
EOF
