TOUR_SECTION
1
505
346
599
244
296
778
261
980
484
722
788
380
487
870
550
468
823
192
603
835
587
161
710
916
279
222
308
355
530
627
825
369
769
29
834
492
594
713
777
697
762
37
860
886
228
612
307
872
431
14
522
184
715
632
410
116
934
457
652
463
45
16
21
611
442
754
132
163
273
412
193
971
748
704
503
740
504
973
631
98
337
339
926
590
483
120
773
692
785
220
678
377
566
681
4
197
525
131
82
880
765
761
399
115
589
456
363
300
413
259
75
515
711
349
188
5
332
212
723
134
795
683
899
62
813
573
674
87
964
630
647
742
882
675
143
909
439
724
859
280
950
689
656
526
604
38
939
536
325
392
759
772
398
404
175
544
183
634
699
12
957
798
476
914
497
944
284
837
269
617
122
830
424
88
986
66
613
11
991
126
229
33
477
149
664
701
206
79
28
420
251
829
210
936
46
822
786
866
20
165
378
356
359
7
874
832
682
290
422
556
752
459
931
782
56
635
960
820
862
881
416
563
407
941
514
321
808
295
948
562
827
180
531
127
896
660
564
803
194
643
83
141
756
246
565
320
216
249
815
637
877
567
854
523
707
509
481
389
258
863
784
749
357
688
791
8
270
303
779
665
620
414
415
148
39
693
50
181
990
152
918
680
812
576
281
230
833
988
298
19
583
396
510
433
888
633
461
922
783
336
316
13
92
801
370
10
848
260
672
858
318
379
110
932
802
770
817
113
987
95
474
26
741
686
649
661
323
205
929
373
451
312
890
529
726
732
342
47
864
331
750
543
123
48
385
117
490
213
653
353
806
850
215
959
842
129
101
124
374
500
223
155
535
937
58
304
506
464
771
158
219
329
910
167
313
528
709
974
59
248
289
558
96
700
781
245
983
317
425
917
496
250
696
49
18
51
361
470
89
387
443
326
94
400
816
940
446
687
608
666
967
382
348
208
800
718
518
278
735
235
949
78
428
658
372
299
532
695
15
640
668
225
256
889
114
340
501
575
609
444
480
928
552
185
659
601
538
579
698
327
334
636
887
561
797
362
488
790
221
267
432
702
430
527
100
551
826
947
276
951
328
925
553
401
727
169
975
23
961
919
449
266
570
93
787
549
450
614
173
231
739
147
796
130
809
753
97
393
395
272
73
182
417
878
140
151
471
310
540
767
74
207
438
390
673
54
232
121
708
455
125
17
257
690
168
605
297
61
955
429
663
920
758
419
190
242
254
873
731
491
615
650
271
639
774
142
807
224
253
3
42
841
77
227
293
670
574
288
364
352
262
311
27
654
408
519
705
338
884
935
112
811
239
618
578
669
189
217
283
965
441
606
516
287
539
479
86
969
469
209
792
794
397
36
648
486
454
294
162
799
85
626
763
908
744
856
102
622
472
90
31
238
534
105
282
805
371
892
577
930
55
559
923
840
128
913
462
766
265
810
598
499
211
733
204
720
76
434
557
322
437
861
445
956
891
32
760
547
347
729
555
629
571
906
458
301
616
179
945
427
793
241
992
375
170
831
893
91
489
644
440
900
285
247
367
703
65
662
642
9
903
475
403
255
493
907
64
453
277
844
156
263
979
924
187
70
849
717
513
195
67
218
946
343
595
876
473
520
624
44
871
198
845
40
200
712
365
447
381
214
406
915
989
569
305
638
2
109
954
737
548
751
402
139
237
201
679
448
264
694
107
436
970
869
719
154
828
586
804
302
953
376
240
867
962
517
314
981
738
912
6
409
747
714
775
63
542
24
306
41
619
764
625
345
560
852
533
106
755
883
512
368
344
875
119
537
203
157
585
857
897
435
691
166
952
275
836
388
591
933
921
137
968
839
108
885
34
498
685
196
171
507
521
978
199
99
243
292
677
911
236
351
360
309
524
541
57
977
411
716
405
460
176
592
895
226
22
725
145
485
81
172
780
572
684
135
366
164
597
879
676
927
657
610
324
843
358
30
607
315
593
942
671
554
71
943
118
144
851
467
233
426
645
191
768
746
103
584
136
478
824
667
43
855
984
466
495
623
178
286
865
993
846
150
743
818
465
319
53
146
621
274
821
985
186
894
545
354
252
568
160
814
581
159
52
976
901
72
776
819
291
655
596
333
153
905
341
335
868
482
69
728
68
386
202
421
838
580
384
394
111
938
418
84
651
963
174
745
853
736
35
898
60
646
546
982
80
721
706
902
966
508
847
641
383
511
494
958
234
452
423
133
138
588
350
502
730
757
602
391
268
600
330
789
972
734
904
25
104
582
628
177
-1
EOF
