NAME : lhk.2218076.tour
COMMENT : Length = 2218076
COMMENT : Found by LKH [Keld Helsgaun] Sun May 24 22:56:36 2026
TYPE : TOUR
DIMENSION : 993
TOUR_SECTION
1
261
484
980
244
628
346
99
34
591
521
952
498
171
108
853
507
388
978
657
137
199
202
384
335
68
153
901
938
291
655
745
84
802
482
568
160
819
649
386
838
52
868
205
333
111
741
529
451
373
312
661
686
26
323
890
474
495
726
814
894
821
929
984
581
136
146
159
667
354
72
743
623
824
846
881
298
43
246
776
119
396
855
691
883
106
186
465
738
993
203
286
53
252
478
621
545
319
818
150
985
953
775
857
435
24
54
450
815
63
867
517
83
260
948
321
157
230
281
409
981
896
888
585
912
619
368
41
141
755
922
127
178
274
416
370
862
827
988
564
783
637
562
249
180
633
344
643
314
660
306
808
941
320
395
417
852
747
438
73
764
537
166
376
560
231
240
767
390
182
920
639
787
774
708
272
875
570
140
6
512
962
897
533
542
345
625
714
753
266
739
975
147
21
410
632
961
29
431
492
16
594
522
436
751
237
611
777
37
769
442
45
652
307
457
809
471
715
796
614
97
207
549
878
762
232
449
612
540
491
310
295
23
697
673
173
142
257
841
130
271
190
698
425
242
3
605
393
429
919
254
834
77
59
121
887
93
14
872
151
228
116
886
561
419
42
727
463
96
184
361
74
61
51
659
955
444
253
89
221
168
334
790
553
455
601
758
966
636
951
889
327
702
488
579
925
503
131
681
588
928
267
432
873
80
502
276
977
360
663
22
17
538
125
572
227
690
615
731
575
602
597
592
898
766
172
366
35
328
902
972
193
138
982
483
401
133
880
740
115
399
718
412
797
501
551
322
100
362
470
369
98
609
552
169
527
18
696
934
289
245
754
447
700
387
558
713
860
302
250
305
974
109
365
983
2
400
170
326
94
826
947
906
891
956
185
720
496
816
893
32
679
616
241
571
317
179
831
204
91
208
427
970
402
638
548
719
793
107
915
917
248
49
448
200
569
264
804
945
139
954
201
869
828
154
381
712
443
989
694
214
406
586
40
737
445
760
437
547
555
301
446
695
15
428
78
861
225
382
608
299
434
668
340
480
430
629
375
347
971
729
114
781
458
273
557
120
504
339
278
82
256
687
76
658
992
372
949
800
219
348
235
940
666
640
967
735
123
532
158
117
329
129
215
991
973
149
464
771
374
48
58
850
101
709
167
590
806
163
4
132
785
220
518
525
704
761
377
847
452
508
330
383
692
736
706
600
904
730
143
721
892
175
765
634
909
392
197
325
234
342
223
950
497
280
910
566
423
337
631
926
490
957
304
748
773
353
750
759
699
678
842
656
937
798
664
404
772
689
544
526
398
784
546
604
914
414
439
620
990
680
812
39
877
152
270
156
90
789
60
939
641
757
268
494
509
840
779
913
930
371
511
733
31
391
734
57
462
716
265
405
350
176
105
81
460
879
725
650
297
224
895
911
531
541
351
565
858
293
807
563
194
95
216
514
164
672
606
856
239
411
770
969
744
677
684
283
794
472
189
924
36
263
44
624
486
287
378
520
676
645
103
607
946
441
811
187
578
908
341
86
433
583
626
461
965
69
669
92
174
209
110
618
10
407
318
13
336
833
466
576
932
817
113
379
963
510
865
19
316
763
848
728
801
976
394
418
651
421
580
905
596
479
942
648
539
294
943
397
851
191
516
768
584
144
927
554
933
843
467
71
671
324
426
233
968
610
921
243
839
885
685
196
593
275
836
746
30
46
635
218
822
315
359
876
64
118
358
979
931
523
493
595
70
844
473
343
277
693
211
282
238
85
598
469
577
792
162
987
217
559
292
236
485
803
756
309
135
226
145
524
454
55
805
622
799
646
148
534
810
780
128
958
499
923
181
102
513
303
849
707
357
587
50
481
749
8
389
122
206
724
530
665
415
12
279
688
424
613
487
732
476
38
830
617
536
222
88
603
550
126
269
284
213
79
229
33
701
385
653
47
183
535
506
155
477
543
859
864
528
313
11
331
124
500
515
5
959
87
795
259
899
75
711
986
573
332
134
647
300
188
723
589
456
683
62
630
675
413
882
813
489
255
9
703
475
212
742
349
363
964
674
644
367
944
642
900
403
916
112
903
285
710
308
627
662
355
870
65
837
66
161
440
918
863
567
788
791
192
854
835
380
468
258
866
338
422
247
27
311
823
825
408
364
262
352
288
670
705
519
884
574
56
251
935
420
165
210
786
67
20
453
936
717
195
198
845
871
907
782
752
356
832
7
28
829
459
290
682
654
556
874
599
820
296
778
104
177
582
505
722
25
960
-1
EOF
