TOUR_SECTION
1
971
399
197
412
483
525
131
115
681
785
678
82
704
880
330
337
273
4
377
765
973
98
133
761
692
631
773
566
590
748
740
120
132
193
210
165
422
218
67
378
251
820
871
752
960
635
46
7
556
907
822
198
866
979
845
56
931
28
595
832
459
782
874
829
936
676
20
717
682
359
786
44
315
356
201
751
970
569
712
989
200
586
436
828
214
974
107
237
40
381
679
406
869
139
81
83
216
565
564
135
541
841
756
663
295
562
293
253
895
190
725
485
808
351
242
145
227
650
977
249
615
271
563
514
888
320
537
416
141
637
643
41
896
941
948
321
13
531
862
815
660
281
127
803
260
180
827
881
407
194
246
409
743
136
146
495
814
160
865
53
159
667
581
465
354
929
855
821
824
252
621
150
894
43
984
846
818
319
623
466
286
545
191
768
233
942
584
671
746
486
645
30
943
657
103
358
144
843
607
426
610
554
927
118
851
71
335
467
421
324
126
656
175
544
497
859
759
183
398
424
404
909
664
33
950
526
143
699
79
149
772
476
724
634
38
280
798
939
536
439
701
477
392
911
923
577
371
265
57
472
22
780
840
31
164
716
766
597
592
534
810
105
684
913
930
411
55
176
309
366
677
292
172
879
733
360
559
460
405
524
805
226
646
852
63
738
517
119
619
817
178
993
857
478
775
897
203
512
186
691
883
314
345
435
981
953
585
274
625
24
912
368
755
568
985
965
763
85
239
856
792
287
908
479
969
469
36
209
516
454
189
626
596
794
606
578
669
162
744
397
69
217
811
648
394
441
539
236
799
294
86
618
283
867
975
157
6
106
739
266
764
449
306
310
450
166
540
875
182
747
767
376
714
207
560
344
542
390
140
533
570
240
962
54
696
419
250
886
860
184
713
361
369
18
94
609
496
59
834
470
491
425
51
917
443
289
89
245
876
493
453
622
513
102
263
187
520
473
238
849
844
181
523
499
277
624
343
156
195
128
64
946
211
598
70
462
924
282
951
925
636
797
432
601
276
488
889
659
538
887
702
185
430
826
401
328
527
114
928
163
947
790
327
362
503
504
727
575
552
501
480
169
221
553
267
100
444
551
340
561
8
854
863
357
415
270
779
567
39
192
918
749
877
990
12
509
812
688
414
680
50
152
665
303
693
148
258
530
389
620
914
481
791
707
784
93
395
919
121
614
73
97
796
272
549
173
231
673
753
232
23
878
787
74
130
809
147
961
417
708
471
438
393
151
382
949
428
518
208
532
372
446
800
940
256
718
220
235
15
668
666
608
339
278
348
926
967
78
687
695
735
892
234
904
90
966
502
958
350
600
689
511
957
902
734
494
982
706
546
60
383
721
572
972
604
847
80
789
641
898
268
423
138
602
35
325
736
391
508
452
730
757
588
243
137
921
171
388
196
199
885
593
507
108
952
99
968
521
978
591
34
836
839
498
685
933
275
349
403
723
711
367
9
87
75
813
795
300
259
62
683
742
134
882
647
363
674
212
5
515
630
332
573
675
456
589
899
413
964
188
489
21
934
410
762
769
457
715
116
632
492
522
307
463
777
16
431
652
612
594
697
754
29
37
872
45
611
442
228
14
386
72
655
938
905
901
202
111
384
333
838
418
976
776
580
84
174
963
651
745
868
853
52
291
153
341
482
68
728
819
49
154
326
893
720
558
305
700
638
983
248
2
109
804
170
96
629
816
400
445
737
402
264
719
915
387
302
317
448
793
365
447
954
694
548
458
347
32
299
781
179
906
891
658
945
571
76
301
434
956
437
204
729
861
322
91
640
760
241
555
616
427
375
547
992
831
225
557
364
884
408
574
161
935
288
290
587
27
705
352
519
112
420
654
468
311
380
338
835
670
262
823
627
279
830
903
247
613
662
900
550
788
308
944
642
122
487
355
644
66
269
916
603
475
222
837
440
255
825
703
285
710
206
65
870
770
672
633
230
92
988
379
433
10
583
783
396
95
922
316
833
113
336
510
461
858
848
802
110
318
576
801
298
987
932
19
370
77
690
61
168
297
42
17
334
224
579
920
698
639
3
807
254
125
142
429
955
758
257
731
774
605
455
873
474
890
741
529
649
373
205
323
661
726
312
26
451
686
229
374
937
353
500
124
506
771
47
158
213
219
223
155
48
215
304
490
653
617
991
535
117
528
385
709
342
101
750
123
732
959
284
58
11
910
543
842
806
850
313
129
464
329
331
864
167
986
88
261
582
177
778
505
599
722
346
104
296
484
628
244
980
25
-1
EOF
