NAME : lhk.575273.tour
COMMENT : Length = 575273
COMMENT : Found by LKH [Keld Helsgaun] Fri Jun 12 17:47:13 2026
TYPE : TOUR
DIMENSION : 155
TOUR_SECTION
1
3
4
2
7
87
64
63
145
80
62
77
5
6
61
60
137
59
69
8
19
58
117
9
57
20
67
68
54
56
48
49
70
55
47
53
71
52
72
79
76
50
74
83
73
75
78
81
95
96
82
94
84
85
86
88
90
89
91
93
100
92
99
98
97
102
101
105
104
103
109
106
108
107
110
43
111
112
45
46
44
41
38
42
40
39
36
37
33
31
32
35
28
27
24
34
29
51
30
65
26
25
23
21
22
14
10
11
13
113
16
15
12
114
17
66
118
18
119
120
129
122
121
132
124
125
123
128
127
126
130
131
135
133
134
116
115
140
138
136
141
139
143
142
146
144
150
148
149
151
152
147
153
154
155
-1
EOF
