NAME : lhk.610627.tour
COMMENT : Length = 610627
COMMENT : Found by LKH [Keld Helsgaun] Fri Apr 10 18:47:12 2026
TYPE : TOUR
DIMENSION : 161
TOUR_SECTION
1
2
3
159
161
160
157
158
103
114
151
156
155
4
152
154
153
6
7
5
79
80
78
9
8
75
77
76
74
73
72
71
65
62
70
66
67
18
69
63
68
14
13
81
83
12
150
82
149
129
11
84
85
87
128
148
130
133
15
127
86
20
56
64
61
60
23
58
57
55
21
17
16
59
19
143
145
22
24
25
137
139
142
140
141
138
26
136
28
27
31
32
144
30
146
34
147
132
135
131
134
54
121
122
123
119
118
52
53
125
126
124
33
49
35
116
117
29
50
36
42
37
41
40
48
45
46
38
39
97
98
92
47
96
44
93
43
94
51
90
91
89
95
120
88
115
104
10
100
102
99
101
106
113
105
111
110
112
109
108
107
-1
EOF
