NAME : lhk.609576.tour
COMMENT : Length = 609576
COMMENT : Found by LKH [Keld Helsgaun] Fri Apr 10 18:07:31 2026
TYPE : TOUR
DIMENSION : 140
TOUR_SECTION
1
2
3
5
4
9
6
7
8
10
62
61
63
64
65
66
69
70
67
68
71
72
73
74
75
77
55
76
79
107
99
98
82
57
78
56
81
80
83
60
59
87
85
58
84
86
91
90
89
88
92
93
96
95
94
97
100
102
101
103
111
104
108
105
106
109
110
112
113
114
115
117
119
120
122
121
124
123
125
126
118
116
29
35
36
37
38
39
40
42
45
41
44
43
46
34
20
33
32
31
48
54
49
52
51
50
47
53
18
17
16
21
12
13
30
11
14
15
22
19
129
23
28
130
131
128
133
135
132
137
127
136
27
26
25
24
134
139
138
140
-1
EOF
