NAME : lhk.2241859.tour
COMMENT : Length = 2241859
COMMENT : Found by LKH [Keld Helsgaun] Fri Apr 10 16:55:58 2026
TYPE : TOUR
DIMENSION : 993
TOUR_SECTION
1
261
980
484
244
628
99
346
591
34
839
952
137
968
199
388
978
584
196
853
885
933
243
921
108
467
836
275
521
144
233
324
359
46
635
554
358
676
44
356
102
979
343
499
578
263
792
969
187
189
794
294
36
283
86
479
607
539
624
520
486
118
843
657
645
30
426
610
768
851
927
671
71
103
191
651
943
239
111
335
963
421
69
174
908
596
516
942
648
763
85
316
441
669
606
583
965
801
291
469
95
848
783
396
394
655
68
976
384
153
333
386
901
685
529
507
171
498
451
312
661
205
373
26
686
474
890
495
323
984
136
894
929
821
354
581
726
741
146
814
160
728
905
418
623
776
649
743
667
865
938
580
819
202
868
838
84
19
52
745
72
466
478
461
433
988
691
119
379
619
465
407
344
802
298
203
824
274
178
252
482
888
985
150
846
43
159
286
855
53
545
186
621
912
818
319
755
345
738
435
240
63
857
764
981
867
875
182
533
962
106
878
625
266
207
6
714
166
450
306
376
449
775
542
517
409
157
512
883
24
993
747
368
585
932
897
852
537
194
370
953
416
180
141
13
862
672
817
314
637
281
260
881
230
127
568
336
833
318
941
246
563
41
858
510
770
10
113
351
565
633
896
922
618
249
145
576
803
643
827
83
485
216
650
93
562
808
841
531
564
393
395
948
173
815
295
321
74
438
253
310
920
417
809
147
673
232
549
632
708
3
130
767
54
570
739
614
73
560
975
390
753
471
21
431
140
769
116
612
254
457
410
715
492
522
29
961
442
777
201
436
406
751
381
569
237
184
16
14
594
2
872
463
443
558
970
828
447
720
200
934
51
305
638
694
302
804
737
448
915
264
109
365
891
225
170
906
760
204
437
945
893
340
548
317
816
629
974
96
458
326
571
797
32
446
273
557
552
729
719
956
91
322
427
76
402
954
154
301
989
400
679
40
869
214
107
586
179
445
793
555
831
616
861
547
347
949
278
940
382
532
640
518
992
208
668
15
348
761
235
967
299
608
735
785
256
372
483
78
695
220
528
115
800
503
219
850
842
653
48
926
4
215
937
197
709
123
101
117
167
750
158
515
313
910
87
229
129
58
374
329
759
490
342
464
124
991
772
331
47
284
506
385
88
75
795
500
188
300
5
899
647
573
675
349
723
62
630
882
813
9
489
352
644
367
903
674
413
212
683
363
742
134
711
964
986
456
837
213
701
259
771
864
269
732
497
126
959
223
155
206
33
79
617
11
689
892
620
38
509
812
398
389
688
665
791
152
39
835
8
870
749
680
707
863
270
877
530
567
939
303
779
909
439
414
526
544
724
536
404
325
143
634
175
424
12
914
950
477
664
656
476
535
543
353
748
806
982
149
692
859
392
678
973
183
730
337
280
699
80
798
566
423
133
60
546
452
930
840
757
597
511
330
268
913
928
508
366
810
911
462
604
50
371
90
534
148
577
780
805
856
55
684
292
236
176
172
904
541
879
455
716
538
592
889
807
588
605
919
224
609
125
309
902
955
460
350
502
405
391
925
360
105
641
790
31
57
572
766
138
972
789
663
575
525
721
951
773
383
646
82
527
734
169
35
17
276
22
736
328
267
966
847
100
412
698
631
727
401
887
362
702
114
430
444
480
377
163
553
681
704
120
765
602
131
659
958
234
132
600
706
957
740
193
304
339
687
898
590
666
718
98
781
504
658
428
561
327
185
971
399
636
434
880
488
375
501
221
983
947
387
652
700
248
245
94
241
496
139
713
250
834
712
18
917
289
228
470
758
369
754
361
45
59
551
796
425
696
491
697
429
42
826
49
334
601
432
873
774
168
787
190
89
77
307
151
257
762
37
611
121
272
23
886
860
97
293
142
242
579
297
725
639
419
756
540
231
227
690
61
271
660
615
977
320
731
81
677
895
164
135
411
524
226
559
162
110
454
514
987
287
626
341
209
92
744
799
472
811
397
844
282
217
598
265
181
513
494
211
128
923
523
784
924
622
733
277
238
990
876
195
453
907
67
946
693
936
854
918
156
198
357
849
871
845
595
218
493
64
70
459
473
422
682
931
290
782
258
251
165
874
210
587
468
20
481
823
705
380
900
916
308
550
192
830
710
279
603
415
66
122
613
255
440
944
475
332
662
642
403
222
589
487
355
788
884
703
161
627
825
112
654
247
364
338
262
27
311
285
670
574
519
288
408
65
935
866
420
752
556
599
7
582
778
104
722
505
177
25
960
820
786
56
832
315
717
829
378
822
28
746
593
296
-1
EOF
