NAME : lhk.676588.tour
COMMENT : Length = 676588
COMMENT : Found by LKH [Keld Helsgaun] Sat May  2 13:31:52 2026
TYPE : TOUR
DIMENSION : 172
TOUR_SECTION
1
2
3
4
5
6
8
7
157
160
161
128
150
151
46
130
129
9
131
137
139
136
138
140
141
143
142
144
145
146
23
22
26
27
147
148
28
36
25
29
30
31
132
32
35
134
135
42
40
39
34
33
24
37
38
149
41
48
49
45
44
133
156
126
153
154
124
43
155
18
15
47
87
127
152
14
51
52
56
97
13
50
16
17
92
90
91
89
96
88
83
84
86
82
81
85
77
79
78
73
94
76
80
65
74
95
75
67
63
93
72
71
68
69
70
64
66
62
58
59
60
54
98
55
100
21
53
19
101
104
99
103
107
105
106
102
110
20
118
10
11
12
57
61
125
121
122
123
163
158
120
119
112
108
111
109
115
113
114
116
162
117
164
165
166
167
159
168
169
170
171
172
-1
EOF
