NAME : lhk.586749.tour
COMMENT : Length = 586749
COMMENT : Found by LKH [Keld Helsgaun] Fri Jun 12 17:47:09 2026
TYPE : TOUR
DIMENSION : 153
TOUR_SECTION
1
2
3
4
5
8
28
9
6
7
41
12
42
13
14
17
15
18
22
11
10
21
20
19
16
44
30
32
31
43
45
46
47
56
33
55
58
57
59
65
60
49
66
54
53
63
67
69
70
75
73
68
72
76
52
71
74
51
78
50
77
80
79
81
62
61
64
48
82
83
88
90
139
87
91
85
86
92
93
34
95
89
35
37
29
24
25
23
36
27
26
38
111
40
110
106
109
108
104
107
39
105
112
99
96
84
138
94
98
97
102
101
140
136
103
137
100
130
142
143
144
145
141
146
150
125
126
149
148
124
147
131
132
122
127
129
123
134
133
128
135
118
120
119
121
115
117
113
114
116
152
151
153
-1
EOF
