NAME : lhk.721953.tour
COMMENT : Length = 721953
COMMENT : Found by LKH [Keld Helsgaun] Sun May 24 22:50:19 2026
TYPE : TOUR
DIMENSION : 207
TOUR_SECTION
1
2
4
5
3
6
10
31
7
9
11
8
15
36
39
32
33
154
153
149
152
148
147
145
146
144
143
142
140
151
43
150
44
40
34
41
38
16
12
13
35
45
37
155
141
139
138
137
134
163
159
165
166
157
156
160
164
161
162
132
168
135
136
133
42
171
173
131
130
169
172
167
179
178
18
176
175
93
97
47
48
194
197
198
14
17
129
125
195
196
123
128
126
119
199
112
124
120
121
127
122
25
98
24
26
23
52
50
22
49
46
54
19
51
90
96
95
91
79
174
89
94
193
88
92
189
180
181
182
183
170
184
177
187
158
186
190
185
188
192
191
84
83
81
82
78
80
77
76
75
74
86
87
73
85
53
72
70
71
65
69
66
67
59
55
62
56
68
60
27
58
57
64
63
21
28
61
20
29
99
100
101
30
106
105
103
102
104
107
118
110
116
111
109
108
117
114
115
205
113
202
200
204
203
201
206
207
-1
EOF
