NAME : lhk.2308285.tour
COMMENT : Length = 2308285
COMMENT : Found by LKH [Keld Helsgaun] Sat May  2 14:06:59 2026
TYPE : TOUR
DIMENSION : 993
TOUR_SECTION
1
505
582
599
25
28
296
676
782
315
467
275
324
746
836
593
34
521
99
137
968
885
921
584
233
933
843
671
30
554
144
822
218
610
607
46
931
595
752
459
56
832
359
876
44
845
378
979
358
907
71
927
486
768
943
976
294
196
103
191
426
657
421
908
69
479
394
578
539
645
162
811
942
516
36
86
68
110
441
794
189
95
469
287
648
85
226
239
969
454
135
559
856
141
236
780
803
83
336
756
145
565
650
13
783
130
643
514
416
438
619
563
180
827
249
764
407
379
344
531
637
862
941
127
848
230
119
370
92
801
606
987
932
817
19
433
84
938
341
461
52
672
583
770
633
896
316
626
618
283
209
669
965
858
651
174
728
10
776
963
291
833
868
905
335
202
901
580
111
153
384
853
952
388
851
978
839
199
243
685
507
108
498
171
333
373
205
451
890
686
323
474
26
929
855
894
984
581
743
821
354
495
985
814
274
667
252
159
136
319
150
621
186
912
818
465
63
517
585
246
345
178
993
802
368
824
318
146
53
623
478
482
545
865
741
726
661
649
529
312
160
655
838
72
396
596
745
386
466
510
418
568
988
819
43
286
576
409
846
747
755
738
260
691
881
298
660
321
281
41
24
897
888
512
314
570
775
815
533
231
207
975
841
796
166
875
867
714
883
157
240
981
6
560
376
962
857
625
953
852
203
106
390
435
542
767
140
266
307
715
232
21
611
754
16
612
492
934
632
14
237
594
713
305
816
248
777
860
29
496
974
326
652
834
264
558
400
787
369
447
184
700
59
443
442
463
18
457
228
410
431
522
37
762
250
872
429
45
121
125
886
395
3
920
224
549
807
23
774
809
73
673
93
961
697
97
194
393
708
147
753
471
272
739
173
769
614
54
449
182
878
310
74
417
242
537
450
306
615
948
320
216
540
151
562
293
564
808
873
190
879
605
17
639
168
77
491
142
327
470
579
51
696
758
698
887
956
245
781
170
826
659
444
729
169
204
412
893
273
501
185
488
861
797
163
221
430
702
503
61
947
727
89
551
609
552
257
919
538
419
432
227
42
360
254
951
790
731
328
480
267
297
340
889
636
350
690
133
527
575
601
334
553
399
82
362
508
100
765
276
566
375
928
971
561
347
880
504
382
32
78
906
179
571
256
658
428
704
557
735
831
547
719
891
109
434
91
458
322
365
49
361
289
96
983
425
548
139
387
751
569
381
116
712
436
954
828
40
214
915
869
201
804
200
2
154
94
917
737
317
241
437
694
638
427
445
402
616
107
793
301
760
448
406
989
679
945
970
586
629
720
302
76
695
992
299
555
401
193
668
940
208
967
608
590
528
235
348
800
58
215
158
117
304
761
850
219
167
48
101
155
132
353
197
902
535
325
730
939
634
476
50
914
439
60
404
757
268
982
641
588
309
164
176
904
592
423
55
646
734
115
740
483
706
898
847
377
280
330
972
949
452
785
532
220
748
518
687
640
678
4
120
718
666
926
225
372
15
681
339
278
114
446
98
631
957
525
773
721
925
131
966
602
22
572
138
736
391
502
541
600
411
253
955
663
895
725
524
455
922
351
271
977
81
597
485
295
172
113
265
534
805
217
460
577
238
598
924
622
499
792
923
282
799
744
187
763
263
102
624
397
520
118
844
717
64
198
786
849
871
356
829
556
682
587
866
936
67
918
343
422
791
854
192
27
835
627
916
688
112
665
206
693
481
279
830
710
526
613
903
122
944
222
603
642
440
900
662
255
355
703
475
188
212
964
363
742
300
675
456
367
711
134
573
864
487
75
837
986
66
664
950
126
724
732
269
656
88
11
771
959
331
842
313
750
759
385
617
515
424
284
701
991
910
337
653
477
79
149
152
772
544
536
389
812
398
530
749
788
8
415
707
497
39
550
680
784
523
357
156
509
863
513
258
779
892
270
195
70
20
473
211
493
946
453
810
277
128
604
567
371
716
462
31
913
766
292
472
684
57
911
366
405
105
677
80
840
958
383
90
234
789
733
930
35
494
181
546
148
990
511
689
620
392
143
877
12
33
303
38
909
506
859
414
175
699
798
973
183
692
543
374
223
342
124
229
213
464
937
709
806
490
123
500
129
47
795
5
87
899
329
332
674
683
62
259
723
349
630
647
882
9
413
489
403
589
813
670
644
247
311
364
519
352
654
408
705
825
288
823
285
308
574
870
262
380
884
338
65
420
935
468
161
290
874
251
165
210
635
7
820
960
778
177
104
722
980
261
484
244
628
346
591
-1
EOF
