TOUR_SECTION
1
261
609
501
430
727
601
947
267
698
432
552
334
636
551
659
100
169
951
480
797
758
362
185
538
527
327
579
114
889
488
221
340
790
702
887
444
561
826
754
457
697
228
762
934
116
29
715
611
463
492
522
37
632
652
612
872
21
442
594
14
45
307
431
410
769
777
16
535
58
678
223
464
506
101
342
304
183
937
490
566
497
353
374
973
155
750
842
806
543
910
653
175
615
257
955
690
42
731
224
663
774
190
3
168
429
242
253
841
873
125
297
455
807
271
254
639
61
17
920
293
650
142
227
605
890
623
354
274
993
568
319
150
160
855
985
136
465
824
252
53
286
846
621
474
545
43
894
581
178
743
818
667
821
929
478
159
814
726
495
984
466
323
146
865
473
453
567
871
844
520
924
187
357
876
102
343
863
493
499
156
513
67
845
277
907
918
198
717
195
263
849
70
64
946
624
603
662
550
122
788
440
285
916
222
255
825
900
944
475
613
642
206
66
837
703
644
269
830
279
308
903
870
487
355
710
68
209
744
294
174
441
799
618
397
239
86
794
943
648
516
763
578
486
469
287
651
394
421
657
69
162
606
539
965
341
189
811
768
454
217
669
969
103
596
479
908
283
792
626
191
36
85
46
676
829
144
671
467
233
822
358
927
931
595
782
44
645
71
635
843
356
378
218
979
315
459
359
324
607
118
711
813
403
675
188
367
795
62
899
456
723
363
75
647
300
5
87
742
683
259
630
134
964
589
674
515
332
489
349
212
413
573
882
422
786
936
20
165
935
192
752
258
161
290
468
420
556
251
866
874
682
56
587
854
210
791
832
28
835
7
207
450
767
130
449
54
93
878
266
173
540
417
232
796
390
74
147
151
708
73
471
549
231
395
961
570
182
614
975
23
121
393
272
673
310
140
919
809
438
753
97
739
787
289
443
496
51
491
917
250
860
89
184
369
361
245
77
696
470
425
834
886
18
419
59
713
94
701
986
385
991
79
11
88
424
500
477
771
149
772
313
47
126
329
33
331
229
213
959
732
664
617
864
284
124
950
689
859
759
452
143
392
692
736
280
939
909
699
634
234
337
423
325
982
511
757
60
798
957
706
546
922
127
896
862
564
941
216
637
562
351
643
141
531
756
145
541
83
563
194
416
803
514
565
407
249
246
827
180
320
295
977
660
987
808
219
117
167
850
215
158
235
129
48
926
709
528
532
123
30
243
137
275
978
593
746
933
199
885
554
196
521
921
851
507
685
836
498
952
335
426
839
591
584
388
942
610
34
968
108
171
99
733
766
677
856
105
265
411
81
226
366
176
309
22
577
879
485
684
57
559
524
164
895
292
716
725
405
805
597
911
780
55
172
236
135
460
598
211
494
779
282
892
128
238
90
622
523
181
270
534
50
810
930
913
472
462
923
31
148
371
877
840
604
718
735
518
608
256
687
658
695
382
640
78
208
15
666
225
940
967
800
446
348
428
278
372
668
299
365
694
983
248
629
387
548
793
302
954
154
109
804
719
915
317
2
96
447
170
301
448
737
970
445
700
558
638
264
720
816
402
400
833
672
932
379
113
95
461
316
988
802
396
801
281
583
905
260
10
230
783
848
770
881
817
92
888
318
576
858
633
13
19
370
433
336
110
298
510
119
981
314
157
619
542
41
537
912
344
857
368
517
106
533
948
306
409
714
897
747
691
738
435
953
240
376
883
755
6
867
203
512
775
625
560
186
24
764
63
815
852
962
875
321
585
166
345
679
712
751
569
107
201
200
237
974
406
381
869
214
40
586
989
139
305
436
828
847
553
972
508
138
734
588
592
80
330
133
328
721
575
600
391
276
360
902
928
268
572
898
602
958
789
646
35
904
641
502
730
350
966
383
925
544
693
749
509
688
398
784
415
404
152
414
990
536
680
914
38
812
707
665
526
530
439
39
481
656
303
8
724
620
476
389
12
654
262
884
247
112
65
519
311
288
408
364
27
380
670
705
627
352
574
338
823
9
525
401
412
704
4
785
681
748
740
971
98
339
115
949
163
377
220
590
504
483
193
761
880
631
120
131
765
82
132
503
773
399
273
197
529
963
482
202
838
938
52
976
868
686
853
72
84
373
649
291
901
580
386
205
451
655
745
153
776
418
333
728
819
661
312
384
111
741
26
571
891
76
347
427
616
760
557
32
956
945
49
322
204
241
831
781
434
326
861
375
729
992
547
906
437
179
458
91
555
893
960
296
104
599
778
582
346
244
820
505
980
722
484
25
177
628
-1
EOF
